5j_1600

50000.0
17650.0
17650.0
15381.0
13309.0
11324.0
820.0
820.0
346.0
343.0
----------
22.542776204$\pm$1.2171955040138513





6j_1000

50000.0
17650.0
17650.0
12000.0
10331.0
8571.0
4520.0
3754.0
2408.0
611.0
611.0
----------
40.1563739377$\pm$1.6245530004983113

6j_2200

50000.0
17650.0
17650.0
12000.0
10331.0
8571.0
4520.0
3754.0
2408.0
611.0
109.0
----------
7.16373937677$\pm$0.6861617875544611


6j_3400

50000.0
17650.0
17650.0
12000.0
10331.0
8571.0
4520.0
3754.0
2408.0
2012.0
10.0
----------
0.657223796034$\pm$0.207832412792936






