1800.0 0.091395
1900.0 0.092696
2000.0 0.077353
2100.0 0.056841
2200.0 0.027284
2300.0 0.012014
2400.0 0.014161
2500.0 0.01895
2600.0 0.025214
2700.0 0.025508
2800.0 0.023552
2900.0 0.019059
3000.0 0.021692
3100.0 0.016443
3200.0 0.0094887
3300.0 0.0071471
3400.0 0.0066802
3500.0 0.0068275
3600.0 0.0077444
3700.0 0.0084967
3800.0 0.0082924
3900.0 0.0078739
4000.0 0.0073294
4100.0 0.0051463
4200.0 0.0025459
4300.0 0.0016843
4400.0 0.0018824
4500.0 0.0025224
4600.0 0.0030706
4700.0 0.003087
4800.0 0.0030344
4900.0 0.0028889
5000.0 0.0026911
5100.0 0.0022789
5200.0 0.0015103
5300.0 0.00099362
5400.0 0.00074243
5500.0 0.00060014
5600.0 0.0005253
5700.0 0.00049233
5800.0 0.00046878
5900.0 0.00044194
6000.0 0.00041674
6100.0 0.00039258
6200.0 0.00036614
6300.0 0.00033627
6400.0 0.00029921
6500.0 0.00026126
6600.0 0.00022749
6700.0 0.000196
6800.0 0.00017398
6900.0 0.00017428
7000.0 0.00019238
7100.0 0.00020811
7200.0 0.00021186
7300.0 0.0002126
7400.0 0.00020838
7500.0 0.0001982
7600.0 0.00019094
7700.0 0.00017817
7800.0 0.00015347
7900.0 0.00013324
8000.0 0.00012626
8100.0 0.00012367
8200.0 0.00011621
8300.0 0.00011012
8400.0 0.00010601
8500.0 9.8669e-05
8600.0 9.1325e-05
8700.0 9.169e-05
