3j_Meff_1300

50000.0 36.461
45572.0 33.23201384
45567.0 33.22836774
45406.0 33.11096332
36649.0 26.72518378
31837.0 23.21617714
22882.0 16.68601204
22882.0 16.68601204
22882.0 16.68601204
11293.0 8.23508146
11293.0 8.23508146
----------
8.2$\pm$0.1



4j_Meff_1000

50000.0 36.461
45572.0 33.23201384
45567.0 33.22836774
43322.0 31.59126884
34980.0 25.5081156
26099.0 19.03191278
22945.0 16.7319529
11078.0 8.07829916
7642.0 5.57269924
2805.0 2.0454621
2805.0 2.0454621
----------
2.0$\pm$0.0



4j_Meff_1400

50000.0 36.461
45572.0 33.23201384
45567.0 33.22836774
43322.0 31.59126884
34980.0 25.5081156
26099.0 19.03191278
22945.0 16.7319529
20948.0 15.27570056
14321.0 10.44315962
8217.0 5.99200074
8214.0 5.98981308
----------
6.0$\pm$0.1



4j_Meff_1800

50000.0 36.461
45572.0 33.23201384
45567.0 33.22836774
43322.0 31.59126884
34980.0 25.5081156
26099.0 19.03191278
22945.0 16.7319529
20948.0 15.27570056
14321.0 10.44315962
8217.0 5.99200074
8128.0 5.92710016
----------
5.9$\pm$0.1



4j_Meff_2200

50000.0 36.461
45572.0 33.23201384
45567.0 33.22836774
43322.0 31.59126884
34980.0 25.5081156
26099.0 19.03191278
22945.0 16.7319529
20948.0 15.27570056
14321.0 10.44315962
8217.0 5.99200074
7791.0 5.68135302
----------
5.7$\pm$0.1



4j_Meff_2600

50000.0 36.461
45572.0 33.23201384
45567.0 33.22836774
43322.0 31.59126884
34980.0 25.5081156
26099.0 19.03191278
18745.0 13.6692289
17486.0 12.75114092
12569.0 9.16556618
9058.0 6.60527476
7699.0 5.61426478
----------
5.6$\pm$0.1



4j_Meff_3000

50000.0 36.461
45572.0 33.23201384
45567.0 33.22836774
43322.0 31.59126884
34980.0 25.5081156
26099.0 19.03191278
18745.0 13.6692289
17486.0 12.75114092
12569.0 9.16556618
9058.0 6.60527476
5851.0 4.26666622
----------
4.3$\pm$0.1

