# search for squarks and gluinos
# 0 leptons, 2-6 jets, MET
# only Meff, no jigsaw
# Moriond 2017, 40/fb

Inputfile:
XSect:           1.01 fb
 Error:          0 fb
MCEvents:        50000
 SumOfWeights:   50000
 SumOfWeights2:  50000
 NormEvents:     36.461

Cut                      Sum_W  Sum_W2  Acc      N_Norm     
00_all                   50000  50000   1        36.461     
01_trigger               49302  49302   0.98604  35.952     
02_lepton_veto           48235  48235   0.9647   35.1739    
03_met>250               44583  44583   0.89166  32.5108    
04_meff>800              44577  44577   0.89154  32.5064    
05_2j_pt>50              44576  44576   0.89152  32.5057    
2j-1200_06_jetmulti      44576  44576   0.89152  32.5057    
2j-1200_07_dPhilow       27211  27211   0.54422  19.8428    
2j-1200_08_dPhihigh      20413  20413   0.40826  14.8856    
2j-1200_09_PTjets        19931  19931   0.39862  14.5341    
2j-1200_10_Etajets       10751  10751   0.21502  7.83984    
2j-1200_11_aplanarity    10751  10751   0.21502  7.83984    
2j-1200_12_METrelative   7053   7053    0.14106  5.14319    
2j-1200_13_Meff          7053   7053    0.14106  5.14319    
2j-1600_06_jetmulti      44576  44576   0.89152  32.5057    
2j-1600_07_dPhilow       27211  27211   0.54422  19.8428    
2j-1600_08_dPhihigh      20413  20413   0.40826  14.8856    
2j-1600_09_PTjets        19339  19339   0.38678  14.1024    
2j-1600_10_Etajets       16058  16058   0.32116  11.7098    
2j-1600_11_aplanarity    16058  16058   0.32116  11.7098    
2j-1600_12_METrelative   7730   7730    0.1546   5.63687    
2j-1600_13_Meff          7727   7727    0.15454  5.63468    
2j-2000_06_jetmulti      44576  44576   0.89152  32.5057    
2j-2000_07_dPhilow       27211  27211   0.54422  19.8428    
2j-2000_08_dPhihigh      20413  20413   0.40826  14.8856    
2j-2000_09_PTjets        18364  18364   0.36728  13.3914    
2j-2000_10_Etajets       15438  15438   0.30876  11.2577    
2j-2000_11_aplanarity    15438  15438   0.30876  11.2577    
2j-2000_12_METrelative   7316   7316    0.14632  5.33497    
2j-2000_13_Meff          7292   7292    0.14584  5.31747    
2j-2100_06_jetmulti      44576  44576   0.89152  32.5057    
2j-2100_07_dPhilow       35874  35874   0.71748  26.16      
2j-2100_08_dPhihigh      31174  31174   0.62348  22.7327    
2j-2100_09_PTjets        26938  26938   0.53876  19.6437    
2j-2100_10_Etajets       26938  26938   0.53876  19.6437    
2j-2100_11_aplanarity    26938  26938   0.53876  19.6437    
2j-2100_12_METrelative   4143   4143    0.08286  3.02116    
2j-2100_13_Meff          4122   4122    0.08244  3.00584    
2j-2400_06_jetmulti      44576  44576   0.89152  32.5057    
2j-2400_07_dPhilow       27211  27211   0.54422  19.8428    
2j-2400_08_dPhihigh      20413  20413   0.40826  14.8856    
2j-2400_09_PTjets        18364  18364   0.36728  13.3914    
2j-2400_10_Etajets       15438  15438   0.30876  11.2577    
2j-2400_11_aplanarity    15438  15438   0.30876  11.2577    
2j-2400_12_METrelative   7316   7316    0.14632  5.33497    
2j-2400_13_Meff          7052   7052    0.14104  5.14246    
2j-2800_06_jetmulti      44576  44576   0.89152  32.5057    
2j-2800_07_dPhilow       27211  27211   0.54422  19.8428    
2j-2800_08_dPhihigh      20413  20413   0.40826  14.8856    
2j-2800_09_PTjets        18364  18364   0.36728  13.3914    
2j-2800_10_Etajets       15438  15438   0.30876  11.2577    
2j-2800_11_aplanarity    15438  15438   0.30876  11.2577    
2j-2800_12_METrelative   7316   7316    0.14632  5.33497    
2j-2800_13_Meff          6106   6106    0.12212  4.45262    
2j-3600_06_jetmulti      44576  44576   0.89152  32.5057    
2j-3600_07_dPhilow       27211  27211   0.54422  19.8428    
2j-3600_08_dPhihigh      20413  20413   0.40826  14.8856    
2j-3600_09_PTjets        18364  18364   0.36728  13.3914    
2j-3600_10_Etajets       18364  18364   0.36728  13.3914    
2j-3600_11_aplanarity    18364  18364   0.36728  13.3914    
2j-3600_12_METrelative   8788   8788    0.17576  6.40839    
2j-3600_13_Meff          2702   2702    0.05404  1.97035    
2j-B0000_00_2LRjets      44017  44017   0.88034  32.0981    
2j-B0000_01_LRjets_mass  1076   1076    0.02152  0.784641   
2j-B1600_06_jetmulti     1076   1076    0.02152  0.784641   
2j-B1600_07_dPhilow      714    714     0.01428  0.520663   
2j-B1600_08_dPhihigh     547    547     0.01094  0.398883   
2j-B1600_09_PTjets       547    547     0.01094  0.398883   
2j-B1600_10_Etajets      547    547     0.01094  0.398883   
2j-B1600_11_aplanarity   547    547     0.01094  0.398883   
2j-B1600_12_METrelative  131    131     0.00262  0.0955278  
2j-B1600_13_Meff         129    129     0.00258  0.0940694  
2j-B2400_06_jetmulti     1076   1076    0.02152  0.784641   
2j-B2400_07_dPhilow      714    714     0.01428  0.520663   
2j-B2400_08_dPhihigh     547    547     0.01094  0.398883   
2j-B2400_09_PTjets       547    547     0.01094  0.398883   
2j-B2400_10_Etajets      547    547     0.01094  0.398883   
2j-B2400_11_aplanarity   547    547     0.01094  0.398883   
2j-B2400_12_METrelative  131    131     0.00262  0.0955278  
2j-B2400_13_Meff         123    123     0.00246  0.0896941  
3j-1300_06_jetmulti      44491  44491   0.88982  32.4437    
3j-1300_07_dPhilow       35801  35801   0.71602  26.1068    
3j-1300_08_dPhihigh      31101  31101   0.62202  22.6795    
3j-1300_09_PTjets        23124  23124   0.46248  16.8625    
3j-1300_10_Etajets       23124  23124   0.46248  16.8625    
3j-1300_11_aplanarity    23124  23124   0.46248  16.8625    
3j-1300_12_METrelative   11458  11458   0.22916  8.3554     
3j-1300_13_Meff          11458  11458   0.22916  8.3554     
4j-1000_06_jetmulti      42763  42763   0.85526  31.1836    
4j-1000_07_dPhilow       34424  34424   0.68848  25.1027    
4j-1000_08_dPhihigh      25573  25573   0.51146  18.6483    
4j-1000_09_PTjets        22808  22808   0.45616  16.632     
4j-1000_10_Etajets       11090  11090   0.2218   8.08705    
4j-1000_11_aplanarity    7900   7900    0.158    5.76084    
4j-1000_12_METrelative   2778   2778    0.05556  2.02577    
4j-1000_13_Meff          2778   2778    0.05556  2.02577    
4j-1400_06_jetmulti      42763  42763   0.85526  31.1836    
4j-1400_07_dPhilow       34424  34424   0.68848  25.1027    
4j-1400_08_dPhihigh      25573  25573   0.51146  18.6483    
4j-1400_09_PTjets        22808  22808   0.45616  16.632     
4j-1400_10_Etajets       20858  20858   0.41716  15.2101    
4j-1400_11_aplanarity    14583  14583   0.29166  10.6342    
4j-1400_12_METrelative   8237   8237    0.16474  6.00659    
4j-1400_13_Meff          8236   8236    0.16472  6.00586    
4j-1800_06_jetmulti      42763  42763   0.85526  31.1836    
4j-1800_07_dPhilow       34424  34424   0.68848  25.1027    
4j-1800_08_dPhihigh      25573  25573   0.51146  18.6483    
4j-1800_09_PTjets        22808  22808   0.45616  16.632     
4j-1800_10_Etajets       20858  20858   0.41716  15.2101    
4j-1800_11_aplanarity    14583  14583   0.29166  10.6342    
4j-1800_12_METrelative   8237   8237    0.16474  6.00659    
4j-1800_13_Meff          8149   8149    0.16298  5.94241    
4j-2200_06_jetmulti      42763  42763   0.85526  31.1836    
4j-2200_07_dPhilow       34424  34424   0.68848  25.1027    
4j-2200_08_dPhihigh      25573  25573   0.51146  18.6483    
4j-2200_09_PTjets        22808  22808   0.45616  16.632     
4j-2200_10_Etajets       20858  20858   0.41716  15.2101    
4j-2200_11_aplanarity    14583  14583   0.29166  10.6342    
4j-2200_12_METrelative   8237   8237    0.16474  6.00659    
4j-2200_13_Meff          7804   7804    0.15608  5.69083    
4j-2600_06_jetmulti      42763  42763   0.85526  31.1836    
4j-2600_07_dPhilow       34424  34424   0.68848  25.1027    
4j-2600_08_dPhihigh      25573  25573   0.51146  18.6483    
4j-2600_09_PTjets        18950  18950   0.379    13.8187    
4j-2600_10_Etajets       17700  17700   0.354    12.9072    
4j-2600_11_aplanarity    12901  12901   0.25802  9.40767    
4j-2600_12_METrelative   9289   9289    0.18578  6.77372    
4j-2600_13_Meff          7878   7878    0.15756  5.7448     
4j-3000_06_jetmulti      42763  42763   0.85526  31.1836    
4j-3000_07_dPhilow       34424  34424   0.68848  25.1027    
4j-3000_08_dPhihigh      25573  25573   0.51146  18.6483    
4j-3000_09_PTjets        18950  18950   0.379    13.8187    
4j-3000_10_Etajets       17700  17700   0.354    12.9072    
4j-3000_11_aplanarity    12901  12901   0.25802  9.40767    
4j-3000_12_METrelative   9289   9289    0.18578  6.77372    
4j-3000_13_Meff          5996   5996    0.11992  4.3724     
5j-1600_06_jetmulti      33379  33379   0.66758  24.3406    
5j-1600_07_dPhilow       26823  26823   0.53646  19.5599    
5j-1600_08_dPhihigh      22556  22556   0.45112  16.4483    
5j-1600_09_PTjets        22556  22556   0.45112  16.4483    
5j-1600_10_Etajets       22556  22556   0.45112  16.4483    
5j-1600_11_aplanarity    9695   9695    0.1939   7.06979    
5j-1600_12_METrelative   8325   8325    0.1665   6.07076    
5j-1600_13_Meff          8305   8305    0.1661   6.05617    
5j-1700_06_jetmulti      33379  33379   0.66758  24.3406    
5j-1700_07_dPhilow       26823  26823   0.53646  19.5599    
5j-1700_08_dPhihigh      22556  22556   0.45112  16.4483    
5j-1700_09_PTjets        16357  16357   0.32714  11.9279    
5j-1700_10_Etajets       16357  16357   0.32714  11.9279    
5j-1700_11_aplanarity    16357  16357   0.32714  11.9279    
5j-1700_12_METrelative   4718   4718    0.09436  3.44046    
5j-1700_13_Meff          4718   4718    0.09436  3.44046    
5j-2000_06_jetmulti      33379  33379   0.66758  24.3406    
5j-2000_07_dPhilow       26823  26823   0.53646  19.5599    
5j-2000_08_dPhihigh      18846  18846   0.37692  13.7429    
5j-2000_09_PTjets        18846  18846   0.37692  13.7429    
5j-2000_10_Etajets       18846  18846   0.37692  13.7429    
5j-2000_11_aplanarity    18846  18846   0.37692  13.7429    
5j-2000_12_METrelative   10407  10407   0.20814  7.58899    
5j-2000_13_Meff          10153  10153   0.20306  7.40377    
5j-2600_06_jetmulti      33379  33379   0.66758  24.3406    
5j-2600_07_dPhilow       20328  20328   0.40656  14.8236    
5j-2600_08_dPhihigh      14217  14217   0.28434  10.3673    
5j-2600_09_PTjets        14217  14217   0.28434  10.3673    
5j-2600_10_Etajets       14217  14217   0.28434  10.3673    
5j-2600_11_aplanarity    14217  14217   0.28434  10.3673    
5j-2600_12_METrelative   6714   6714    0.13428  4.89598    
5j-2600_13_Meff          5727   5727    0.11454  4.17624    
6j-1200_06_jetmulti      20711  20711   0.41422  15.1029    
6j-1200_07_dPhilow       16640  16640   0.3328   12.1342    
6j-1200_08_dPhihigh      13511  13511   0.27022  9.85249    
6j-1200_09_PTjets        13511  13511   0.27022  9.85249    
6j-1200_10_Etajets       10248  10248   0.20496  7.47305    
6j-1200_11_aplanarity    10248  10248   0.20496  7.47305    
6j-1200_12_METrelative   4740   4740    0.0948   3.4565     
6j-1200_13_Meff          4740   4740    0.0948   3.4565     
6j-1800_06_jetmulti      20711  20711   0.41422  15.1029    
6j-1800_07_dPhilow       16640  16640   0.3328   12.1342    
6j-1800_08_dPhihigh      13511  13511   0.27022  9.85249    
6j-1800_09_PTjets        5321   5321    0.10642  3.88018    
6j-1800_10_Etajets       4347   4347    0.08694  3.16992    
6j-1800_11_aplanarity    3628   3628    0.07256  2.64561    
6j-1800_12_METrelative   2165   2165    0.0433   1.57876    
6j-1800_13_Meff          2161   2161    0.04322  1.57584    
6j-2200_06_jetmulti      20711  20711   0.41422  15.1029    
6j-2200_07_dPhilow       16640  16640   0.3328   12.1342    
6j-2200_08_dPhihigh      13511  13511   0.27022  9.85249    
6j-2200_09_PTjets        5321   5321    0.10642  3.88018    
6j-2200_10_Etajets       5321   5321    0.10642  3.88018    
6j-2200_11_aplanarity    2948   2948    0.05896  2.14974    
6j-2200_12_METrelative   1781   1781    0.03562  1.29874    
6j-2200_13_Meff          1747   1747    0.03494  1.27395    
6j-2600_06_jetmulti      20711  20711   0.41422  15.1029    
6j-2600_07_dPhilow       16640  16640   0.3328   12.1342    
6j-2600_08_dPhihigh      13511  13511   0.27022  9.85249    
6j-2600_09_PTjets        5321   5321    0.10642  3.88018    
6j-2600_10_Etajets       5321   5321    0.10642  3.88018    
6j-2600_11_aplanarity    2948   2948    0.05896  2.14974    
6j-2600_12_METrelative   2365   2365    0.0473   1.72461    
6j-2600_13_Meff          2148   2148    0.04296  1.56636    
