5j_Meff_1600

50000.0 493.848
39562.0 390.75229152
38908.0 384.29275968
6305.0 62.2742328
5515.0 54.4714344
1670.0 16.4945232
1636.0 16.15870656
1148.0 11.33875008
----------
11.3$\pm$0.3



5j_Meff_1700

50000.0 493.848
39562.0 390.75229152
38908.0 384.29275968
6305.0 62.2742328
5515.0 54.4714344
5008.0 49.46381568
669.0 6.60768624
669.0 6.60768624
669.0 6.60768624
293.0 2.89394928
292.0 2.88407232
----------
2.9$\pm$0.2



5j_Meff_2000

50000.0 493.848
39562.0 390.75229152
38908.0 384.29275968
6305.0 62.2742328
5515.0 54.4714344
4507.0 44.51545872
2704.0 26.70729984
1048.0 10.35105408
----------
10.4$\pm$0.3



5j_Meff_2600

50000.0 493.848
39562.0 390.75229152
38908.0 384.29275968
6305.0 62.2742328
4696.0 46.38220416
3859.0 38.11518864
1775.0 17.531604
196.0 1.93588416
----------
1.9$\pm$0.1



6j_Meff_1200

50000.0 493.848
39562.0 390.75229152
38908.0 384.29275968
2152.0 21.25521792
1874.0 18.50942304
1633.0 16.12907568
973.0 9.61028208
716.0 7.07190336
705.0 6.9632568
----------
7.0$\pm$0.3



6j_Meff_1800

50000.0 493.848
39562.0 390.75229152
38908.0 384.29275968
2152.0 21.25521792
1874.0 18.50942304
1633.0 16.12907568
190.0 1.8766224
133.0 1.31363568
110.0 1.0864656
95.0 0.9383112
89.0 0.87904944
----------
0.9$\pm$0.1



6j_Meff_2200

50000.0 493.848
39562.0 390.75229152
38908.0 384.29275968
2152.0 21.25521792
1874.0 18.50942304
1633.0 16.12907568
190.0 1.8766224
96.0 0.94818816
80.0 0.7901568
57.0 0.56298672
----------
0.6$\pm$0.1



6j_Meff_2600

50000.0 493.848
39562.0 390.75229152
38908.0 384.29275968
2152.0 21.25521792
1874.0 18.50942304
1633.0 16.12907568
190.0 1.8766224
96.0 0.94818816
88.0 0.86917248
29.0 0.28643184
----------
0.3$\pm$0.1

