2j_Meff_1200

50000.0 75.088
45248.0 67.95163648
44784.0 67.25481984
34479.0 51.77918304
31886.0 47.88511936
31705.0 47.6133008
26077.0 39.16139552
11566.0 17.36935616
9402.0 14.11954752
9394.0 14.10753344
----------
14.1$\pm$0.1



2j_Meff_1600

50000.0 75.088
45248.0 67.95163648
44784.0 67.25481984
34479.0 51.77918304
31886.0 47.88511936
31331.0 47.05164256
23358.0 35.07811008
17656.0 26.51507456
12139.0 18.22986464
12016.0 18.04514816
----------
18.0$\pm$0.2



2j_Meff_2000

50000.0 75.088
45248.0 67.95163648
44784.0 67.25481984
34479.0 51.77918304
31886.0 47.88511936
30725.0 46.141576
20281.0 30.45719456
15833.0 23.77736608
10755.0 16.1514288
9966.0 14.96654016
----------
15.0$\pm$0.1



2j_Meff_2100

50000.0 75.088
45248.0 67.95163648
44784.0 67.25481984
39789.0 59.75352864
38174.0 57.32818624
26453.0 39.72605728
26453.0 39.72605728
10680.0 16.0387968
9716.0 14.59110016
----------
14.6$\pm$0.1



2j_Meff_2400

50000.0 75.088
45248.0 67.95163648
44784.0 67.25481984
34479.0 51.77918304
31886.0 47.88511936
30725.0 46.141576
20281.0 30.45719456
15833.0 23.77736608
10755.0 16.1514288
7648.0 11.48546048
----------
11.5$\pm$0.1



2j_Meff_2800

50000.0 75.088
45248.0 67.95163648
44784.0 67.25481984
34479.0 51.77918304
31886.0 47.88511936
30725.0 46.141576
20281.0 30.45719456
15833.0 23.77736608
10755.0 16.1514288
4407.0 6.61825632
----------
6.6$\pm$0.1



2j_Meff_3600

50000.0 75.088
45248.0 67.95163648
44784.0 67.25481984
34479.0 51.77918304
31886.0 47.88511936
30725.0 46.141576
20281.0 30.45719456
13760.0 20.6642176
758.0 1.13833408
----------
1.1$\pm$0.0

