600 13.8
650 4.92
700 2.47
750 2.64
800 3.14
850 2.46
900 1.17
950 0.73
1000 0.572
1050 0.911
1100 1.51
1150 1.74
1200 1.38
1250 1.23
1300 0.861
1350 0.485
1400 0.3
1450 0.186
1500 0.145
1550 0.144
1600 0.1855
1700 0.299
1800 0.262
1900 0.161
2000 0.108
2100 0.0756
2200 0.049
2300 0.0286
2400 0.028
2500 0.0305
2600 0.0347
2700 0.0388
2800 0.0387
2900 0.0353
3000 0.0268
3100 0.0136
3200 0.0164
3300 0.0178
3400 0.0169
3500 0.0148
3600 0.0119
3700 0.0101
3800 0.00902
3900 0.00772
4000 0.00629
4100 0.00517
4200 0.00452
4300 0.00461
4400 0.00535
4500 0.00565
4600 0.00555
4700 0.00526
4800 0.00479
4900 0.00388
5000 0.00285
5100 0.00214
5200 0.00173
5300 0.00145
5400 0.00122
5500 0.00101
5600 0.000854
5700 0.000788
5800 0.000800
5900 0.000809
6000 0.000791
6100 0.000745
6200 0.000684
6300 0.000626
6400 0.000575
6500 0.000521
6600 0.000472
6700 0.00043
6800 0.000406
6900 0.00040
7000 0.000398
7100 0.000394
7200 0.000386
7300 0.000374
7400 0.000357
7500 0.000333
7600 0.00031
7700 0.000284
7800 0.00025
7900 0.00022
8000 0.000199
8100 0.000197
