1.000000e-02 1.000000e+01 2.620250e+04 
1.000000e-02 2.138776e+02 6.873290e+00 
1.000000e-02 4.177551e+02 7.333060e-01 
1.000000e-02 6.216327e+02 1.760727e-01 
1.000000e-02 8.255102e+02 5.921120e-02 
1.000000e-02 1.029388e+03 2.396422e-02 
1.000000e-02 1.233265e+03 1.102477e-02 
1.000000e-02 1.437143e+03 5.472315e-03 
1.000000e-02 1.641020e+03 2.914995e-03 
1.000000e-02 1.844898e+03 1.606773e-03 
1.000000e-02 2.048776e+03 9.291089e-04 
1.000000e-02 2.252653e+03 5.531867e-04 
1.000000e-02 2.456531e+03 3.327583e-04 
1.000000e-02 2.660408e+03 2.055028e-04 
1.000000e-02 2.864286e+03 1.284586e-04 
1.000000e-02 3.068163e+03 8.176320e-05 
1.000000e-02 3.272041e+03 5.225622e-05 
1.000000e-02 3.475918e+03 3.390039e-05 
1.000000e-02 3.679796e+03 2.185899e-05 
1.000000e-02 3.883673e+03 1.429215e-05 
1.000000e-02 4.087551e+03 9.296698e-06 
1.000000e-02 4.291429e+03 6.089985e-06 
1.000000e-02 4.495306e+03 3.994267e-06 
1.000000e-02 4.699184e+03 2.633434e-06 
1.000000e-02 4.903061e+03 1.717041e-06 
1.000000e-02 5.106939e+03 1.126584e-06 
1.000000e-02 5.310816e+03 7.363985e-07 
1.000000e-02 5.514694e+03 4.806215e-07 
1.000000e-02 5.718571e+03 3.152578e-07 
1.000000e-02 5.922449e+03 2.058048e-07 
1.000000e-02 6.126327e+03 1.346040e-07 
1.000000e-02 6.330204e+03 8.745885e-08 
1.000000e-02 6.534082e+03 5.749852e-08 
1.000000e-02 6.737959e+03 3.774511e-08 
1.000000e-02 6.941837e+03 2.475721e-08 
1.000000e-02 7.145714e+03 1.640070e-08 
1.000000e-02 7.349592e+03 1.086785e-08 
1.000000e-02 7.553469e+03 7.210459e-09 
1.000000e-02 7.757347e+03 4.775413e-09 
1.000000e-02 7.961224e+03 3.177240e-09 
1.000000e-02 8.165102e+03 2.106385e-09 
1.000000e-02 8.368980e+03 1.389127e-09 
1.000000e-02 8.572857e+03 9.107184e-10 
1.000000e-02 8.776735e+03 5.875231e-10 
1.000000e-02 8.980612e+03 3.753026e-10 
1.000000e-02 9.184490e+03 2.358004e-10 
1.000000e-02 9.388367e+03 1.447959e-10 
1.000000e-02 9.592245e+03 8.653261e-11 
1.000000e-02 9.796122e+03 5.027613e-11 
1.000000e-02 1.000000e+04 2.822118e-11 
1.000000e-01 1.000000e+01 2.621320e+06 
1.000000e-01 2.138776e+02 6.869060e+02 
1.000000e-01 4.177551e+02 7.353760e+01 
1.000000e-01 6.216327e+02 1.743727e+01 
1.000000e-01 8.255102e+02 5.937130e+00 
1.000000e-01 1.029388e+03 2.398466e+00 
1.000000e-01 1.233265e+03 1.094285e+00 
1.000000e-01 1.437143e+03 5.482204e-01 
1.000000e-01 1.641020e+03 2.905591e-01 
1.000000e-01 1.844898e+03 1.613126e-01 
1.000000e-01 2.048776e+03 9.311008e-02 
1.000000e-01 2.252653e+03 5.523384e-02 
1.000000e-01 2.456531e+03 3.345371e-02 
1.000000e-01 2.660408e+03 2.063099e-02 
1.000000e-01 2.864286e+03 1.291528e-02 
1.000000e-01 3.068163e+03 8.178374e-03 
1.000000e-01 3.272041e+03 5.243067e-03 
1.000000e-01 3.475918e+03 3.399421e-03 
1.000000e-01 3.679796e+03 2.185449e-03 
1.000000e-01 3.883673e+03 1.428354e-03 
1.000000e-01 4.087551e+03 9.331557e-04 
1.000000e-01 4.291429e+03 6.093425e-04 
1.000000e-01 4.495306e+03 3.985979e-04 
1.000000e-01 4.699184e+03 2.630740e-04 
1.000000e-01 4.903061e+03 1.724062e-04 
1.000000e-01 5.106939e+03 1.128775e-04 
1.000000e-01 5.310816e+03 7.362939e-05 
1.000000e-01 5.514694e+03 4.799171e-05 
1.000000e-01 5.718571e+03 3.136256e-05 
1.000000e-01 5.922449e+03 2.051821e-05 
1.000000e-01 6.126327e+03 1.343105e-05 
1.000000e-01 6.330204e+03 8.760801e-06 
1.000000e-01 6.534082e+03 5.745191e-06 
1.000000e-01 6.737959e+03 3.782801e-06 
1.000000e-01 6.941837e+03 2.485648e-06 
1.000000e-01 7.145714e+03 1.640767e-06 
1.000000e-01 7.349592e+03 1.086593e-06 
1.000000e-01 7.553469e+03 7.191643e-07 
1.000000e-01 7.757347e+03 4.793534e-07 
1.000000e-01 7.961224e+03 3.164923e-07 
1.000000e-01 8.165102e+03 2.107900e-07 
1.000000e-01 8.368980e+03 1.389377e-07 
1.000000e-01 8.572857e+03 9.105031e-08 
1.000000e-01 8.776735e+03 5.882066e-08 
1.000000e-01 8.980612e+03 3.741939e-08 
1.000000e-01 9.184490e+03 2.351809e-08 
1.000000e-01 9.388367e+03 1.450930e-08 
1.000000e-01 9.592245e+03 8.649247e-09 
1.000000e-01 9.796122e+03 5.038148e-09 
1.000000e-01 1.000000e+04 2.823958e-09 
2.000000e-01 1.000000e+01 1.044333e+07 
2.000000e-01 2.138776e+02 2.747110e+03 
2.000000e-01 4.177551e+02 2.949050e+02 
2.000000e-01 6.216327e+02 6.984080e+01 
2.000000e-01 8.255102e+02 2.361781e+01 
2.000000e-01 1.029388e+03 9.676990e+00 
2.000000e-01 1.233265e+03 4.374015e+00 
2.000000e-01 1.437143e+03 2.186046e+00 
2.000000e-01 1.641020e+03 1.157373e+00 
2.000000e-01 1.844898e+03 6.448334e-01 
2.000000e-01 2.048776e+03 3.721675e-01 
2.000000e-01 2.252653e+03 2.198374e-01 
2.000000e-01 2.456531e+03 1.331882e-01 
2.000000e-01 2.660408e+03 8.222125e-02 
2.000000e-01 2.864286e+03 5.164387e-02 
2.000000e-01 3.068163e+03 3.275061e-02 
2.000000e-01 3.272041e+03 2.096183e-02 
2.000000e-01 3.475918e+03 1.345908e-02 
2.000000e-01 3.679796e+03 8.739558e-03 
2.000000e-01 3.883673e+03 5.696225e-03 
2.000000e-01 4.087551e+03 3.728514e-03 
2.000000e-01 4.291429e+03 2.434715e-03 
2.000000e-01 4.495306e+03 1.595937e-03 
2.000000e-01 4.699184e+03 1.046463e-03 
2.000000e-01 4.903061e+03 6.844516e-04 
2.000000e-01 5.106939e+03 4.500532e-04 
2.000000e-01 5.310816e+03 2.935366e-04 
2.000000e-01 5.514694e+03 1.926246e-04 
2.000000e-01 5.718571e+03 1.256838e-04 
2.000000e-01 5.922449e+03 8.187996e-05 
2.000000e-01 6.126327e+03 5.369635e-05 
2.000000e-01 6.330204e+03 3.506828e-05 
2.000000e-01 6.534082e+03 2.295170e-05 
2.000000e-01 6.737959e+03 1.503724e-05 
2.000000e-01 6.941837e+03 9.955868e-06 
2.000000e-01 7.145714e+03 6.547186e-06 
2.000000e-01 7.349592e+03 4.339978e-06 
2.000000e-01 7.553469e+03 2.871897e-06 
2.000000e-01 7.757347e+03 1.910781e-06 
2.000000e-01 7.961224e+03 1.270679e-06 
2.000000e-01 8.165102e+03 8.433783e-07 
2.000000e-01 8.368980e+03 5.555992e-07 
2.000000e-01 8.572857e+03 3.631613e-07 
2.000000e-01 8.776735e+03 2.359042e-07 
2.000000e-01 8.980612e+03 1.506747e-07 
2.000000e-01 9.184490e+03 9.408850e-08 
2.000000e-01 9.388367e+03 5.790263e-08 
2.000000e-01 9.592245e+03 3.457822e-08 
2.000000e-01 9.796122e+03 2.011204e-08 
2.000000e-01 1.000000e+04 1.126512e-08 
3.000000e-01 1.000000e+01 2.347520e+07 
3.000000e-01 2.138776e+02 6.186230e+03 
3.000000e-01 4.177551e+02 6.611800e+02 
3.000000e-01 6.216327e+02 1.589302e+02 
3.000000e-01 8.255102e+02 5.278210e+01 
3.000000e-01 1.029388e+03 2.156961e+01 
3.000000e-01 1.233265e+03 9.908550e+00 
3.000000e-01 1.437143e+03 4.961582e+00 
3.000000e-01 1.641020e+03 2.627149e+00 
3.000000e-01 1.844898e+03 1.455018e+00 
3.000000e-01 2.048776e+03 8.432001e-01 
3.000000e-01 2.252653e+03 4.961036e-01 
3.000000e-01 2.456531e+03 2.984907e-01 
3.000000e-01 2.660408e+03 1.851402e-01 
3.000000e-01 2.864286e+03 1.162312e-01 
3.000000e-01 3.068163e+03 7.353582e-02 
3.000000e-01 3.272041e+03 4.714961e-02 
3.000000e-01 3.475918e+03 3.039056e-02 
3.000000e-01 3.679796e+03 1.963752e-02 
3.000000e-01 3.883673e+03 1.288864e-02 
3.000000e-01 4.087551e+03 8.366351e-03 
3.000000e-01 4.291429e+03 5.491803e-03 
3.000000e-01 4.495306e+03 3.593957e-03 
3.000000e-01 4.699184e+03 2.352759e-03 
3.000000e-01 4.903061e+03 1.540121e-03 
3.000000e-01 5.106939e+03 1.009978e-03 
3.000000e-01 5.310816e+03 6.623843e-04 
3.000000e-01 5.514694e+03 4.329202e-04 
3.000000e-01 5.718571e+03 2.834769e-04 
3.000000e-01 5.922449e+03 1.855919e-04 
3.000000e-01 6.126327e+03 1.206532e-04 
3.000000e-01 6.330204e+03 7.871540e-05 
3.000000e-01 6.534082e+03 5.160357e-05 
3.000000e-01 6.737959e+03 3.391415e-05 
3.000000e-01 6.941837e+03 2.233797e-05 
3.000000e-01 7.145714e+03 1.474428e-05 
3.000000e-01 7.349592e+03 9.763852e-06 
3.000000e-01 7.553469e+03 6.473158e-06 
3.000000e-01 7.757347e+03 4.297772e-06 
3.000000e-01 7.961224e+03 2.853751e-06 
3.000000e-01 8.165102e+03 1.895256e-06 
3.000000e-01 8.368980e+03 1.248320e-06 
3.000000e-01 8.572857e+03 8.154842e-07 
3.000000e-01 8.776735e+03 5.311711e-07 
3.000000e-01 8.980612e+03 3.384395e-07 
3.000000e-01 9.184490e+03 2.116549e-07 
3.000000e-01 9.388367e+03 1.305897e-07 
3.000000e-01 9.592245e+03 7.803695e-08 
3.000000e-01 9.796122e+03 4.518475e-08 
3.000000e-01 1.000000e+04 2.541118e-08 
4.000000e-01 1.000000e+01 4.174280e+07 
4.000000e-01 2.138776e+02 1.097497e+04 
4.000000e-01 4.177551e+02 1.180493e+03 
4.000000e-01 6.216327e+02 2.803819e+02 
4.000000e-01 8.255102e+02 9.416620e+01 
4.000000e-01 1.029388e+03 3.839670e+01 
4.000000e-01 1.233265e+03 1.772808e+01 
4.000000e-01 1.437143e+03 8.799440e+00 
4.000000e-01 1.641020e+03 4.641650e+00 
4.000000e-01 1.844898e+03 2.585307e+00 
4.000000e-01 2.048776e+03 1.483339e+00 
4.000000e-01 2.252653e+03 8.838890e-01 
4.000000e-01 2.456531e+03 5.362164e-01 
4.000000e-01 2.660408e+03 3.305309e-01 
4.000000e-01 2.864286e+03 2.070985e-01 
4.000000e-01 3.068163e+03 1.309887e-01 
4.000000e-01 3.272041e+03 8.280874e-02 
4.000000e-01 3.475918e+03 5.398949e-02 
4.000000e-01 3.679796e+03 3.488140e-02 
4.000000e-01 3.883673e+03 2.280401e-02 
4.000000e-01 4.087551e+03 1.489561e-02 
4.000000e-01 4.291429e+03 9.780465e-03 
4.000000e-01 4.495306e+03 6.384023e-03 
4.000000e-01 4.699184e+03 4.184107e-03 
4.000000e-01 4.903061e+03 2.740035e-03 
4.000000e-01 5.106939e+03 1.797138e-03 
4.000000e-01 5.310816e+03 1.175556e-03 
4.000000e-01 5.514694e+03 7.712439e-04 
4.000000e-01 5.718571e+03 5.021763e-04 
4.000000e-01 5.922449e+03 3.284406e-04 
4.000000e-01 6.126327e+03 2.145991e-04 
4.000000e-01 6.330204e+03 1.401621e-04 
4.000000e-01 6.534082e+03 9.192465e-05 
4.000000e-01 6.737959e+03 6.033627e-05 
4.000000e-01 6.941837e+03 3.960975e-05 
4.000000e-01 7.145714e+03 2.622700e-05 
4.000000e-01 7.349592e+03 1.733438e-05 
4.000000e-01 7.553469e+03 1.150857e-05 
4.000000e-01 7.757347e+03 7.649329e-06 
4.000000e-01 7.961224e+03 5.067319e-06 
4.000000e-01 8.165102e+03 3.374269e-06 
4.000000e-01 8.368980e+03 2.227909e-06 
4.000000e-01 8.572857e+03 1.452842e-06 
4.000000e-01 8.776735e+03 9.434561e-07 
4.000000e-01 8.980612e+03 5.998852e-07 
4.000000e-01 9.184490e+03 3.774506e-07 
4.000000e-01 9.388367e+03 2.314987e-07 
4.000000e-01 9.592245e+03 1.382212e-07 
4.000000e-01 9.796122e+03 8.025357e-08 
4.000000e-01 1.000000e+04 4.509072e-08 
5.000000e-01 1.000000e+01 6.550710e+07 
5.000000e-01 2.138776e+02 1.727217e+04 
5.000000e-01 4.177551e+02 1.843581e+03 
5.000000e-01 6.216327e+02 4.386800e+02 
5.000000e-01 8.255102e+02 1.470531e+02 
5.000000e-01 1.029388e+03 5.996910e+01 
5.000000e-01 1.233265e+03 2.754060e+01 
5.000000e-01 1.437143e+03 1.371919e+01 
5.000000e-01 1.641020e+03 7.281549e+00 
5.000000e-01 1.844898e+03 4.032019e+00 
5.000000e-01 2.048776e+03 2.328021e+00 
5.000000e-01 2.252653e+03 1.362087e+00 
5.000000e-01 2.456531e+03 8.366622e-01 
5.000000e-01 2.660408e+03 5.139023e-01 
5.000000e-01 2.864286e+03 3.219521e-01 
5.000000e-01 3.068163e+03 2.037146e-01 
5.000000e-01 3.272041e+03 1.309305e-01 
5.000000e-01 3.475918e+03 8.411336e-02 
5.000000e-01 3.679796e+03 5.489531e-02 
5.000000e-01 3.883673e+03 3.549654e-02 
5.000000e-01 4.087551e+03 2.312605e-02 
5.000000e-01 4.291429e+03 1.526403e-02 
5.000000e-01 4.495306e+03 1.000067e-02 
5.000000e-01 4.699184e+03 6.550070e-03 
5.000000e-01 4.903061e+03 4.301171e-03 
5.000000e-01 5.106939e+03 2.799821e-03 
5.000000e-01 5.310816e+03 1.840009e-03 
5.000000e-01 5.514694e+03 1.202270e-03 
5.000000e-01 5.718571e+03 7.856854e-04 
5.000000e-01 5.922449e+03 5.149574e-04 
5.000000e-01 6.126327e+03 3.359116e-04 
5.000000e-01 6.330204e+03 2.194713e-04 
5.000000e-01 6.534082e+03 1.431591e-04 
5.000000e-01 6.737959e+03 9.422565e-05 
5.000000e-01 6.941837e+03 6.206944e-05 
5.000000e-01 7.145714e+03 4.084539e-05 
5.000000e-01 7.349592e+03 2.721131e-05 
5.000000e-01 7.553469e+03 1.803325e-05 
5.000000e-01 7.757347e+03 1.198049e-05 
5.000000e-01 7.961224e+03 7.943824e-06 
5.000000e-01 8.165102e+03 5.263309e-06 
5.000000e-01 8.368980e+03 3.473486e-06 
5.000000e-01 8.572857e+03 2.270382e-06 
5.000000e-01 8.776735e+03 1.469046e-06 
5.000000e-01 8.980612e+03 9.359639e-07 
5.000000e-01 9.184490e+03 5.902969e-07 
5.000000e-01 9.388367e+03 3.612995e-07 
5.000000e-01 9.592245e+03 2.165553e-07 
5.000000e-01 9.796122e+03 1.257775e-07 
5.000000e-01 1.000000e+04 7.050833e-08 
6.000000e-01 1.000000e+01 9.459560e+07 
6.000000e-01 2.138776e+02 2.474830e+04 
6.000000e-01 4.177551e+02 2.672306e+03 
6.000000e-01 6.216327e+02 6.320990e+02 
6.000000e-01 8.255102e+02 2.136188e+02 
6.000000e-01 1.029388e+03 8.619970e+01 
6.000000e-01 1.233265e+03 3.972334e+01 
6.000000e-01 1.437143e+03 1.979214e+01 
6.000000e-01 1.641020e+03 1.041880e+01 
6.000000e-01 1.844898e+03 5.811156e+00 
6.000000e-01 2.048776e+03 3.338621e+00 
6.000000e-01 2.252653e+03 1.974495e+00 
6.000000e-01 2.456531e+03 1.208845e+00 
6.000000e-01 2.660408e+03 7.415117e-01 
6.000000e-01 2.864286e+03 4.639793e-01 
6.000000e-01 3.068163e+03 2.941066e-01 
6.000000e-01 3.272041e+03 1.889379e-01 
6.000000e-01 3.475918e+03 1.218755e-01 
6.000000e-01 3.679796e+03 7.909002e-02 
6.000000e-01 3.883673e+03 5.119477e-02 
6.000000e-01 4.087551e+03 3.351018e-02 
6.000000e-01 4.291429e+03 2.189749e-02 
6.000000e-01 4.495306e+03 1.442958e-02 
6.000000e-01 4.699184e+03 9.415252e-03 
6.000000e-01 4.903061e+03 6.160806e-03 
6.000000e-01 5.106939e+03 4.038742e-03 
6.000000e-01 5.310816e+03 2.632304e-03 
6.000000e-01 5.514694e+03 1.733710e-03 
6.000000e-01 5.718571e+03 1.132742e-03 
6.000000e-01 5.922449e+03 7.382246e-04 
6.000000e-01 6.126327e+03 4.838980e-04 
6.000000e-01 6.330204e+03 3.169567e-04 
6.000000e-01 6.534082e+03 2.065851e-04 
6.000000e-01 6.737959e+03 1.357965e-04 
6.000000e-01 6.941837e+03 8.932097e-05 
6.000000e-01 7.145714e+03 5.909361e-05 
6.000000e-01 7.349592e+03 3.895394e-05 
6.000000e-01 7.553469e+03 2.589178e-05 
6.000000e-01 7.757347e+03 1.715871e-05 
6.000000e-01 7.961224e+03 1.143962e-05 
6.000000e-01 8.165102e+03 7.584798e-06 
6.000000e-01 8.368980e+03 4.981679e-06 
6.000000e-01 8.572857e+03 3.277274e-06 
6.000000e-01 8.776735e+03 2.119525e-06 
6.000000e-01 8.980612e+03 1.352481e-06 
6.000000e-01 9.184490e+03 8.496740e-07 
6.000000e-01 9.388367e+03 5.205835e-07 
6.000000e-01 9.592245e+03 3.116568e-07 
6.000000e-01 9.796122e+03 1.809296e-07 
6.000000e-01 1.000000e+04 1.015996e-07 
7.000000e-01 1.000000e+01 1.281911e+08 
7.000000e-01 2.138776e+02 3.385900e+04 
7.000000e-01 4.177551e+02 3.612400e+03 
7.000000e-01 6.216327e+02 8.627880e+02 
7.000000e-01 8.255102e+02 2.896966e+02 
7.000000e-01 1.029388e+03 1.175446e+02 
7.000000e-01 1.233265e+03 5.385311e+01 
7.000000e-01 1.437143e+03 2.690037e+01 
7.000000e-01 1.641020e+03 1.424519e+01 
7.000000e-01 1.844898e+03 7.844167e+00 
7.000000e-01 2.048776e+03 4.564119e+00 
7.000000e-01 2.252653e+03 2.710588e+00 
7.000000e-01 2.456531e+03 1.637494e+00 
7.000000e-01 2.660408e+03 1.014695e+00 
7.000000e-01 2.864286e+03 6.324586e-01 
7.000000e-01 3.068163e+03 4.004547e-01 
7.000000e-01 3.272041e+03 2.556073e-01 
7.000000e-01 3.475918e+03 1.645247e-01 
7.000000e-01 3.679796e+03 1.071970e-01 
7.000000e-01 3.883673e+03 6.958219e-02 
7.000000e-01 4.087551e+03 4.569143e-02 
7.000000e-01 4.291429e+03 2.974034e-02 
7.000000e-01 4.495306e+03 1.950298e-02 
7.000000e-01 4.699184e+03 1.282014e-02 
7.000000e-01 4.903061e+03 8.393765e-03 
7.000000e-01 5.106939e+03 5.500839e-03 
7.000000e-01 5.310816e+03 3.605990e-03 
7.000000e-01 5.514694e+03 2.363792e-03 
7.000000e-01 5.718571e+03 1.539804e-03 
7.000000e-01 5.922449e+03 1.003610e-03 
7.000000e-01 6.126327e+03 6.566490e-04 
7.000000e-01 6.330204e+03 4.318314e-04 
7.000000e-01 6.534082e+03 2.825613e-04 
7.000000e-01 6.737959e+03 1.852940e-04 
7.000000e-01 6.941837e+03 1.217767e-04 
7.000000e-01 7.145714e+03 8.041542e-05 
7.000000e-01 7.349592e+03 5.328950e-05 
7.000000e-01 7.553469e+03 3.520979e-05 
7.000000e-01 7.757347e+03 2.345800e-05 
7.000000e-01 7.961224e+03 1.557428e-05 
7.000000e-01 8.165102e+03 1.031490e-05 
7.000000e-01 8.368980e+03 6.803466e-06 
7.000000e-01 8.572857e+03 4.433045e-06 
7.000000e-01 8.776735e+03 2.885408e-06 
7.000000e-01 8.980612e+03 1.840711e-06 
7.000000e-01 9.184490e+03 1.155142e-06 
7.000000e-01 9.388367e+03 7.085113e-07 
7.000000e-01 9.592245e+03 4.228655e-07 
7.000000e-01 9.796122e+03 2.470357e-07 
7.000000e-01 1.000000e+04 1.383904e-07 
8.000000e-01 1.000000e+01 1.675170e+08 
8.000000e-01 2.138776e+02 4.411820e+04 
8.000000e-01 4.177551e+02 4.711100e+03 
8.000000e-01 6.216327e+02 1.124001e+03 
8.000000e-01 8.255102e+02 3.773524e+02 
8.000000e-01 1.029388e+03 1.550291e+02 
8.000000e-01 1.233265e+03 7.047850e+01 
8.000000e-01 1.437143e+03 3.507580e+01 
8.000000e-01 1.641020e+03 1.865062e+01 
8.000000e-01 1.844898e+03 1.031934e+01 
8.000000e-01 2.048776e+03 5.895854e+00 
8.000000e-01 2.252653e+03 3.507971e+00 
8.000000e-01 2.456531e+03 2.143377e+00 
8.000000e-01 2.660408e+03 1.314230e+00 
8.000000e-01 2.864286e+03 8.227056e-01 
8.000000e-01 3.068163e+03 5.264050e-01 
8.000000e-01 3.272041e+03 3.347487e-01 
8.000000e-01 3.475918e+03 2.170687e-01 
8.000000e-01 3.679796e+03 1.385018e-01 
8.000000e-01 3.883673e+03 9.146882e-02 
8.000000e-01 4.087551e+03 5.946755e-02 
8.000000e-01 4.291429e+03 3.894783e-02 
8.000000e-01 4.495306e+03 2.557808e-02 
8.000000e-01 4.699184e+03 1.676672e-02 
8.000000e-01 4.903061e+03 1.093740e-02 
8.000000e-01 5.106939e+03 7.211382e-03 
8.000000e-01 5.310816e+03 4.707563e-03 
8.000000e-01 5.514694e+03 3.075082e-03 
8.000000e-01 5.718571e+03 2.008685e-03 
8.000000e-01 5.922449e+03 1.315270e-03 
8.000000e-01 6.126327e+03 8.560967e-04 
8.000000e-01 6.330204e+03 5.615936e-04 
8.000000e-01 6.534082e+03 3.661375e-04 
8.000000e-01 6.737959e+03 2.403202e-04 
8.000000e-01 6.941837e+03 1.589130e-04 
8.000000e-01 7.145714e+03 1.048987e-04 
8.000000e-01 7.349592e+03 6.929456e-05 
8.000000e-01 7.553469e+03 4.610151e-05 
8.000000e-01 7.757347e+03 3.060791e-05 
8.000000e-01 7.961224e+03 2.030434e-05 
8.000000e-01 8.165102e+03 1.351539e-05 
8.000000e-01 8.368980e+03 8.923822e-06 
8.000000e-01 8.572857e+03 5.829636e-06 
8.000000e-01 8.776735e+03 3.759167e-06 
8.000000e-01 8.980612e+03 2.408185e-06 
8.000000e-01 9.184490e+03 1.501846e-06 
8.000000e-01 9.388367e+03 9.269555e-07 
8.000000e-01 9.592245e+03 5.534325e-07 
8.000000e-01 9.796122e+03 3.213949e-07 
8.000000e-01 1.000000e+04 1.801406e-07 
9.000000e-01 1.000000e+01 2.119260e+08 
9.000000e-01 2.138776e+02 5.568060e+04 
9.000000e-01 4.177551e+02 5.976990e+03 
9.000000e-01 6.216327e+02 1.420859e+03 
9.000000e-01 8.255102e+02 4.781540e+02 
9.000000e-01 1.029388e+03 1.940341e+02 
9.000000e-01 1.233265e+03 8.897100e+01 
9.000000e-01 1.437143e+03 4.474624e+01 
9.000000e-01 1.641020e+03 2.358413e+01 
9.000000e-01 1.844898e+03 1.301774e+01 
9.000000e-01 2.048776e+03 7.558871e+00 
9.000000e-01 2.252653e+03 4.476109e+00 
9.000000e-01 2.456531e+03 2.712319e+00 
9.000000e-01 2.660408e+03 1.669150e+00 
9.000000e-01 2.864286e+03 1.046513e+00 
9.000000e-01 3.068163e+03 6.634708e-01 
9.000000e-01 3.272041e+03 4.246808e-01 
9.000000e-01 3.475918e+03 2.766110e-01 
9.000000e-01 3.679796e+03 1.774724e-01 
9.000000e-01 3.883673e+03 1.153952e-01 
9.000000e-01 4.087551e+03 7.571834e-02 
9.000000e-01 4.291429e+03 4.936660e-02 
9.000000e-01 4.495306e+03 3.237859e-02 
9.000000e-01 4.699184e+03 2.116745e-02 
9.000000e-01 4.903061e+03 1.387733e-02 
9.000000e-01 5.106939e+03 9.110136e-03 
9.000000e-01 5.310816e+03 5.939081e-03 
9.000000e-01 5.514694e+03 3.897843e-03 
9.000000e-01 5.718571e+03 2.549668e-03 
9.000000e-01 5.922449e+03 1.659541e-03 
9.000000e-01 6.126327e+03 1.089421e-03 
9.000000e-01 6.330204e+03 7.112516e-04 
9.000000e-01 6.534082e+03 4.660756e-04 
9.000000e-01 6.737959e+03 3.051300e-04 
9.000000e-01 6.941837e+03 2.012630e-04 
9.000000e-01 7.145714e+03 1.325111e-04 
9.000000e-01 7.349592e+03 8.790184e-05 
9.000000e-01 7.553469e+03 5.829984e-05 
9.000000e-01 7.757347e+03 3.876259e-05 
9.000000e-01 7.961224e+03 2.571947e-05 
9.000000e-01 8.165102e+03 1.706737e-05 
9.000000e-01 8.368980e+03 1.126084e-05 
9.000000e-01 8.572857e+03 7.379354e-06 
9.000000e-01 8.776735e+03 4.736147e-06 
9.000000e-01 8.980612e+03 3.044204e-06 
9.000000e-01 9.184490e+03 1.908215e-06 
9.000000e-01 9.388367e+03 1.168575e-06 
9.000000e-01 9.592245e+03 6.975244e-07 
9.000000e-01 9.796122e+03 4.080064e-07 
9.000000e-01 1.000000e+04 2.278616e-07 
1.000000e+00 1.000000e+01 2.616860e+08 
1.000000e+00 2.138776e+02 6.839290e+04 
1.000000e+00 4.177551e+02 7.349160e+03 
1.000000e+00 6.216327e+02 1.747850e+03 
1.000000e+00 8.255102e+02 5.926260e+02 
1.000000e+00 1.029388e+03 2.392465e+02 
1.000000e+00 1.233265e+03 1.098360e+02 
1.000000e+00 1.437143e+03 5.463257e+01 
1.000000e+00 1.641020e+03 2.911822e+01 
1.000000e+00 1.844898e+03 1.612396e+01 
1.000000e+00 2.048776e+03 9.355418e+00 
1.000000e+00 2.252653e+03 5.485492e+00 
1.000000e+00 2.456531e+03 3.340755e+00 
1.000000e+00 2.660408e+03 2.045963e+00 
1.000000e+00 2.864286e+03 1.293756e+00 
1.000000e+00 3.068163e+03 8.171717e-01 
1.000000e+00 3.272041e+03 5.229797e-01 
1.000000e+00 3.475918e+03 3.381083e-01 
1.000000e+00 3.679796e+03 2.188604e-01 
1.000000e+00 3.883673e+03 1.426472e-01 
1.000000e+00 4.087551e+03 9.302828e-02 
1.000000e+00 4.291429e+03 6.091942e-02 
1.000000e+00 4.495306e+03 3.988306e-02 
1.000000e+00 4.699184e+03 2.612751e-02 
1.000000e+00 4.903061e+03 1.715837e-02 
1.000000e+00 5.106939e+03 1.125916e-02 
1.000000e+00 5.310816e+03 7.356755e-03 
1.000000e+00 5.514694e+03 4.796481e-03 
1.000000e+00 5.718571e+03 3.139914e-03 
1.000000e+00 5.922449e+03 2.060401e-03 
1.000000e+00 6.126327e+03 1.342092e-03 
1.000000e+00 6.330204e+03 8.758075e-04 
1.000000e+00 6.534082e+03 5.744554e-04 
1.000000e+00 6.737959e+03 3.758797e-04 
1.000000e+00 6.941837e+03 2.476102e-04 
1.000000e+00 7.145714e+03 1.640000e-04 
1.000000e+00 7.349592e+03 1.084137e-04 
1.000000e+00 7.553469e+03 7.193052e-05 
1.000000e+00 7.757347e+03 4.785169e-05 
1.000000e+00 7.961224e+03 3.172611e-05 
1.000000e+00 8.165102e+03 2.112947e-05 
1.000000e+00 8.368980e+03 1.386612e-05 
1.000000e+00 8.572857e+03 9.080262e-06 
1.000000e+00 8.776735e+03 5.890331e-06 
1.000000e+00 8.980612e+03 3.768252e-06 
1.000000e+00 9.184490e+03 2.352610e-06 
1.000000e+00 9.388367e+03 1.442153e-06 
1.000000e+00 9.592245e+03 8.664194e-07 
1.000000e+00 9.796122e+03 5.022939e-07 
1.000000e+00 1.000000e+04 2.815218e-07 
