0.01 1.000000e+01 4.779700e+02 
0.01 2.138776e+02 3.042916e+00 
0.01 4.177551e+02 4.032560e-01 
0.01 6.216327e+02 1.082069e-01 
0.01 8.255102e+02 3.832968e-02 
0.01 1.029388e+03 1.653858e-02 
0.01 1.233265e+03 7.843400e-03 
0.01 1.437143e+03 3.957776e-03 
0.01 1.641020e+03 2.176902e-03 
0.01 1.844898e+03 1.223072e-03 
0.01 2.048776e+03 6.909849e-04 
0.01 2.252653e+03 4.255003e-04 
0.01 2.456531e+03 2.591276e-04 
0.01 2.660408e+03 1.627593e-04 
0.01 2.864286e+03 1.019270e-04 
0.01 3.068163e+03 6.383835e-05 
0.01 3.272041e+03 4.124734e-05 
0.01 3.475918e+03 2.698027e-05 
0.01 3.679796e+03 1.703346e-05 
0.01 3.883673e+03 1.130121e-05 
0.01 4.087551e+03 7.175501e-06 
0.01 4.291429e+03 4.841058e-06 
0.01 4.495306e+03 3.095278e-06 
0.01 4.699184e+03 1.993150e-06 
0.01 4.903061e+03 1.301421e-06 
0.01 5.106939e+03 8.749566e-07 
0.01 5.310816e+03 5.415270e-07 
0.01 5.514694e+03 3.613554e-07 
0.01 5.718571e+03 2.317214e-07 
0.01 5.922449e+03 1.527718e-07 
0.01 6.126327e+03 1.000904e-07 
0.01 6.330204e+03 6.508931e-08 
0.01 6.534082e+03 4.223926e-08 
0.01 6.737959e+03 2.832321e-08 
0.01 6.941837e+03 1.857279e-08 
0.01 7.145714e+03 1.226066e-08 
0.01 7.349592e+03 7.682994e-09 
0.01 7.553469e+03 5.400176e-09 
0.01 7.757347e+03 3.500233e-09 
0.01 7.961224e+03 2.333011e-09 
0.01 8.165102e+03 1.529102e-09 
0.01 8.368980e+03 9.886334e-10 
0.01 8.572857e+03 6.349193e-10 
0.01 8.776735e+03 3.907024e-10 
0.01 8.980612e+03 2.479970e-10 
0.01 9.184490e+03 1.496391e-10 
0.01 9.388367e+03 8.987640e-11 
0.01 9.592245e+03 5.112851e-11 
0.01 9.796122e+03 2.892467e-11 
0.01 1.000000e+04 1.565392e-11
0.1 1.000000e+01 4.881800e+04 
0.1 2.138776e+02 3.023378e+02 
0.1 4.177551e+02 4.063444e+01 
0.1 6.216327e+02 1.078811e+01 
0.1 8.255102e+02 3.843208e+00 
0.1 1.029388e+03 1.643160e+00 
0.1 1.233265e+03 7.843171e-01 
0.1 1.437143e+03 4.014773e-01 
0.1 1.641020e+03 2.184801e-01 
0.1 1.844898e+03 1.211709e-01 
0.1 2.048776e+03 7.219204e-02 
0.1 2.252653e+03 4.316858e-02 
0.1 2.456531e+03 2.557086e-02 
0.1 2.660408e+03 1.631144e-02 
0.1 2.864286e+03 1.014367e-02 
0.1 3.068163e+03 6.447057e-03 
0.1 3.272041e+03 4.167876e-03 
0.1 3.475918e+03 2.640339e-03 
0.1 3.679796e+03 1.694156e-03 
0.1 3.883673e+03 1.118550e-03 
0.1 4.087551e+03 7.344771e-04 
0.1 4.291429e+03 4.849319e-04 
0.1 4.495306e+03 3.113219e-04 
0.1 4.699184e+03 2.030509e-04 
0.1 4.903061e+03 1.311117e-04 
0.1 5.106939e+03 8.612817e-05 
0.1 5.310816e+03 5.562680e-05 
0.1 5.514694e+03 3.596815e-05 
0.1 5.718571e+03 2.316715e-05 
0.1 5.922449e+03 1.534381e-05 
0.1 6.126327e+03 1.009642e-05 
0.1 6.330204e+03 6.487631e-06 
0.1 6.534082e+03 4.351846e-06 
0.1 6.737959e+03 2.808033e-06 
0.1 6.941837e+03 1.804430e-06 
0.1 7.145714e+03 1.212948e-06 
0.1 7.349592e+03 7.969173e-07 
0.1 7.553469e+03 5.355733e-07 
0.1 7.757347e+03 3.461201e-07 
0.1 7.961224e+03 2.318710e-07 
0.1 8.165102e+03 1.528891e-07 
0.1 8.368980e+03 9.897156e-08 
0.1 8.572857e+03 6.225628e-08 
0.1 8.776735e+03 3.983029e-08 
0.1 8.980612e+03 2.498303e-08 
0.1 9.184490e+03 1.504002e-08 
0.1 9.388367e+03 8.998104e-09 
0.1 9.592245e+03 5.182772e-09 
0.1 9.796122e+03 2.890721e-09 
0.1 1.000000e+04 1.573953e-09 
0.2 1.000000e+01 1.955247e+05 
0.2 2.138776e+02 1.215342e+03 
0.2 4.177551e+02 1.617190e+02 
0.2 6.216327e+02 4.323016e+01 
0.2 8.255102e+02 1.549862e+01 
0.2 1.029388e+03 6.505776e+00 
0.2 1.233265e+03 3.155394e+00 
0.2 1.437143e+03 1.600904e+00 
0.2 1.641020e+03 8.695964e-01 
0.2 1.844898e+03 4.834384e-01 
0.2 2.048776e+03 2.827940e-01 
0.2 2.252653e+03 1.742577e-01 
0.2 2.456531e+03 1.068659e-01 
0.2 2.660408e+03 6.576403e-02 
0.2 2.864286e+03 4.020488e-02 
0.2 3.068163e+03 2.541370e-02 
0.2 3.272041e+03 1.651898e-02 
0.2 3.475918e+03 1.050692e-02 
0.2 3.679796e+03 6.771210e-03 
0.2 3.883673e+03 4.431949e-03 
0.2 4.087551e+03 2.927872e-03 
0.2 4.291429e+03 1.865467e-03 
0.2 4.495306e+03 1.251051e-03 
0.2 4.699184e+03 8.163365e-04 
0.2 4.903061e+03 5.294962e-04 
0.2 5.106939e+03 3.340112e-04 
0.2 5.310816e+03 2.249778e-04 
0.2 5.514694e+03 1.442881e-04 
0.2 5.718571e+03 9.509363e-05 
0.2 5.922449e+03 6.063587e-05 
0.2 6.126327e+03 3.956539e-05 
0.2 6.330204e+03 2.609159e-05 
0.2 6.534082e+03 1.700530e-05 
0.2 6.737959e+03 1.105246e-05 
0.2 6.941837e+03 7.402026e-06 
0.2 7.145714e+03 4.886600e-06 
0.2 7.349592e+03 3.195241e-06 
0.2 7.553469e+03 2.100164e-06 
0.2 7.757347e+03 1.402408e-06 
0.2 7.961224e+03 9.203327e-07 
0.2 8.165102e+03 6.217556e-07 
0.2 8.368980e+03 3.889563e-07 
0.2 8.572857e+03 2.458801e-07 
0.2 8.776735e+03 1.566621e-07 
0.2 8.980612e+03 9.959655e-08 
0.2 9.184490e+03 5.985451e-08 
0.2 9.388367e+03 3.624353e-08 
0.2 9.592245e+03 2.082045e-08 
0.2 9.796122e+03 1.167658e-08 
0.2 1.000000e+04 6.268625e-09 
0.3 1.000000e+01 4.329470e+05 
0.3 2.138776e+02 2.746404e+03 
0.3 4.177551e+02 3.691005e+02 
0.3 6.216327e+02 9.682783e+01 
0.3 8.255102e+02 3.518134e+01 
0.3 1.029388e+03 1.473382e+01 
0.3 1.233265e+03 7.096724e+00 
0.3 1.437143e+03 3.659392e+00 
0.3 1.641020e+03 1.945905e+00 
0.3 1.844898e+03 1.111818e+00 
0.3 2.048776e+03 6.229165e-01 
0.3 2.252653e+03 3.836855e-01 
0.3 2.456531e+03 2.396466e-01 
0.3 2.660408e+03 1.498812e-01 
0.3 2.864286e+03 8.995636e-02 
0.3 3.068163e+03 5.870169e-02 
0.3 3.272041e+03 3.674291e-02 
0.3 3.475918e+03 2.418400e-02 
0.3 3.679796e+03 1.562770e-02 
0.3 3.883673e+03 1.007481e-02 
0.3 4.087551e+03 6.495096e-03 
0.3 4.291429e+03 4.268581e-03 
0.3 4.495306e+03 2.801334e-03 
0.3 4.699184e+03 1.789797e-03 
0.3 4.903061e+03 1.185798e-03 
0.3 5.106939e+03 7.685770e-04 
0.3 5.310816e+03 5.084416e-04 
0.3 5.514694e+03 3.229214e-04 
0.3 5.718571e+03 2.137424e-04 
0.3 5.922449e+03 1.367605e-04 
0.3 6.126327e+03 8.900970e-05 
0.3 6.330204e+03 5.863690e-05 
0.3 6.534082e+03 3.833785e-05 
0.3 6.737959e+03 2.527771e-05 
0.3 6.941837e+03 1.637098e-05 
0.3 7.145714e+03 1.105218e-05 
0.3 7.349592e+03 7.205673e-06 
0.3 7.553469e+03 4.877698e-06 
0.3 7.757347e+03 3.132166e-06 
0.3 7.961224e+03 2.073458e-06 
0.3 8.165102e+03 1.351612e-06 
0.3 8.368980e+03 8.649279e-07 
0.3 8.572857e+03 5.730708e-07 
0.3 8.776735e+03 3.552821e-07 
0.3 8.980612e+03 2.238988e-07 
0.3 9.184490e+03 1.372079e-07 
0.3 9.388367e+03 8.064680e-08 
0.3 9.592245e+03 4.646842e-08 
0.3 9.796122e+03 2.598340e-08 
0.3 1.000000e+04 1.404030e-08  
0.4 1.000000e+01 7.776000e+05 
0.4 2.138776e+02 4.838388e+03 
0.4 4.177551e+02 6.484419e+02 
0.4 6.216327e+02 1.720817e+02 
0.4 8.255102e+02 6.140646e+01 
0.4 1.029388e+03 2.637508e+01 
0.4 1.233265e+03 1.268314e+01 
0.4 1.437143e+03 6.408656e+00 
0.4 1.641020e+03 3.452571e+00 
0.4 1.844898e+03 1.985644e+00 
0.4 2.048776e+03 1.148802e+00 
0.4 2.252653e+03 6.855005e-01 
0.4 2.456531e+03 4.156163e-01 
0.4 2.660408e+03 2.548064e-01 
0.4 2.864286e+03 1.654880e-01 
0.4 3.068163e+03 1.022233e-01 
0.4 3.272041e+03 6.626280e-02 
0.4 3.475918e+03 4.210583e-02 
0.4 3.679796e+03 2.761213e-02 
0.4 3.883673e+03 1.798579e-02 
0.4 4.087551e+03 1.183226e-02 
0.4 4.291429e+03 7.475781e-03 
0.4 4.495306e+03 4.776731e-03 
0.4 4.699184e+03 3.302351e-03 
0.4 4.903061e+03 2.124066e-03 
0.4 5.106939e+03 1.356870e-03 
0.4 5.310816e+03 8.794398e-04 
0.4 5.514694e+03 5.565564e-04 
0.4 5.718571e+03 3.771753e-04 
0.4 5.922449e+03 2.454127e-04 
0.4 6.126327e+03 1.606608e-04 
0.4 6.330204e+03 1.051979e-04 
0.4 6.534082e+03 6.909549e-05 
0.4 6.737959e+03 4.410214e-05 
0.4 6.941837e+03 2.902367e-05 
0.4 7.145714e+03 1.958592e-05 
0.4 7.349592e+03 1.268173e-05 
0.4 7.553469e+03 8.335643e-06 
0.4 7.757347e+03 5.616023e-06 
0.4 7.961224e+03 3.720104e-06 
0.4 8.165102e+03 2.423946e-06 
0.4 8.368980e+03 1.564776e-06 
0.4 8.572857e+03 9.953645e-07 
0.4 8.776735e+03 6.367604e-07 
0.4 8.980612e+03 3.956393e-07 
0.4 9.184490e+03 2.404527e-07 
0.4 9.388367e+03 1.424585e-07 
0.4 9.592245e+03 8.118726e-08 
0.4 9.796122e+03 4.669429e-08 
0.4 1.000000e+04 2.480750e-08 
0.5 1.000000e+01 1.205040e+06 
0.5 2.138776e+02 7.620812e+03 
0.5 4.177551e+02 1.007872e+03 
0.5 6.216327e+02 2.701808e+02 
0.5 8.255102e+02 9.758817e+01 
0.5 1.029388e+03 4.143536e+01 
0.5 1.233265e+03 1.963516e+01 
0.5 1.437143e+03 1.009977e+01 
0.5 1.641020e+03 5.401533e+00 
0.5 1.844898e+03 3.062080e+00 
0.5 2.048776e+03 1.777021e+00 
0.5 2.252653e+03 1.063677e+00 
0.5 2.456531e+03 6.553623e-01 
0.5 2.660408e+03 4.041075e-01 
0.5 2.864286e+03 2.562608e-01 
0.5 3.068163e+03 1.644171e-01 
0.5 3.272041e+03 1.038565e-01 
0.5 3.475918e+03 6.681731e-02 
0.5 3.679796e+03 4.256778e-02 
0.5 3.883673e+03 2.788041e-02 
0.5 4.087551e+03 1.843342e-02 
0.5 4.291429e+03 1.183067e-02 
0.5 4.495306e+03 7.876904e-03 
0.5 4.699184e+03 5.013177e-03 
0.5 4.903061e+03 3.289676e-03 
0.5 5.106939e+03 2.163664e-03 
0.5 5.310816e+03 1.376898e-03 
0.5 5.514694e+03 9.068219e-04 
0.5 5.718571e+03 5.757161e-04 
0.5 5.922449e+03 3.701601e-04 
0.5 6.126327e+03 2.482793e-04 
0.5 6.330204e+03 1.652400e-04 
0.5 6.534082e+03 1.081719e-04 
0.5 6.737959e+03 7.004777e-05 
0.5 6.941837e+03 4.569453e-05 
0.5 7.145714e+03 3.084438e-05 
0.5 7.349592e+03 2.022499e-05 
0.5 7.553469e+03 1.326204e-05 
0.5 7.757347e+03 8.685192e-06 
0.5 7.961224e+03 5.775503e-06 
0.5 8.165102e+03 3.766073e-06 
0.5 8.368980e+03 2.430143e-06 
0.5 8.572857e+03 1.583141e-06 
0.5 8.776735e+03 9.835924e-07 
0.5 8.980612e+03 6.173930e-07 
0.5 9.184490e+03 3.761691e-07 
0.5 9.388367e+03 2.257796e-07 
0.5 9.592245e+03 1.288140e-07 
0.5 9.796122e+03 7.160812e-08 
0.5 1.000000e+04 3.914090e-08 
0.6 1.000000e+01 1.733056e+06 
0.6 2.138776e+02 1.099213e+04 
0.6 4.177551e+02 1.448621e+03 
0.6 6.216327e+02 3.944752e+02 
0.6 8.255102e+02 1.391008e+02 
0.6 1.029388e+03 6.000058e+01 
0.6 1.233265e+03 2.861697e+01 
0.6 1.437143e+03 1.454966e+01 
0.6 1.641020e+03 7.898997e+00 
0.6 1.844898e+03 4.475490e+00 
0.6 2.048776e+03 2.606819e+00 
0.6 2.252653e+03 1.538611e+00 
0.6 2.456531e+03 9.404686e-01 
0.6 2.660408e+03 5.780090e-01 
0.6 2.864286e+03 3.709806e-01 
0.6 3.068163e+03 2.369967e-01 
0.6 3.272041e+03 1.454320e-01 
0.6 3.475918e+03 9.552607e-02 
0.6 3.679796e+03 6.152126e-02 
0.6 3.883673e+03 3.977439e-02 
0.6 4.087551e+03 2.564957e-02 
0.6 4.291429e+03 1.697455e-02 
0.6 4.495306e+03 1.117450e-02 
0.6 4.699184e+03 7.289191e-03 
0.6 4.903061e+03 4.594646e-03 
0.6 5.106939e+03 3.133790e-03 
0.6 5.310816e+03 2.022518e-03 
0.6 5.514694e+03 1.328293e-03 
0.6 5.718571e+03 8.576970e-04 
0.6 5.922449e+03 5.509015e-04 
0.6 6.126327e+03 3.654118e-04 
0.6 6.330204e+03 2.358256e-04 
0.6 6.534082e+03 1.526893e-04 
0.6 6.737959e+03 1.008135e-04 
0.6 6.941837e+03 6.628055e-05 
0.6 7.145714e+03 4.360756e-05 
0.6 7.349592e+03 2.899463e-05 
0.6 7.553469e+03 1.788639e-05 
0.6 7.757347e+03 1.249698e-05 
0.6 7.961224e+03 8.297690e-06 
0.6 8.165102e+03 5.446460e-06 
0.6 8.368980e+03 3.532105e-06 
0.6 8.572857e+03 2.286499e-06 
0.6 8.776735e+03 1.427894e-06 
0.6 8.980612e+03 8.932029e-07 
0.6 9.184490e+03 5.464902e-07 
0.6 9.388367e+03 3.241413e-07 
0.6 9.592245e+03 1.830956e-07 
0.6 9.796122e+03 1.036355e-07 
0.6 1.000000e+04 5.597957e-08   
0.7 1.000000e+01 2.365891e+06 
0.7 2.138776e+02 1.490594e+04 
0.7 4.177551e+02 1.979209e+03 
0.7 6.216327e+02 5.274784e+02 
0.7 8.255102e+02 1.892741e+02 
0.7 1.029388e+03 8.036137e+01 
0.7 1.233265e+03 3.845268e+01 
0.7 1.437143e+03 1.960899e+01 
0.7 1.641020e+03 1.071696e+01 
0.7 1.844898e+03 5.958104e+00 
0.7 2.048776e+03 3.473785e+00 
0.7 2.252653e+03 2.089587e+00 
0.7 2.456531e+03 1.281500e+00 
0.7 2.660408e+03 7.836805e-01 
0.7 2.864286e+03 4.963093e-01 
0.7 3.068163e+03 3.184621e-01 
0.7 3.272041e+03 2.033700e-01 
0.7 3.475918e+03 1.302103e-01 
0.7 3.679796e+03 8.403045e-02 
0.7 3.883673e+03 5.482170e-02 
0.7 4.087551e+03 3.569444e-02 
0.7 4.291429e+03 2.337064e-02 
0.7 4.495306e+03 1.520673e-02 
0.7 4.699184e+03 1.010671e-02 
0.7 4.903061e+03 6.335642e-03 
0.7 5.106939e+03 4.239087e-03 
0.7 5.310816e+03 2.740682e-03 
0.7 5.514694e+03 1.777321e-03 
0.7 5.718571e+03 1.155584e-03 
0.7 5.922449e+03 7.316681e-04 
0.7 6.126327e+03 4.943581e-04 
0.7 6.330204e+03 3.228328e-04 
0.7 6.534082e+03 2.118223e-04 
0.7 6.737959e+03 1.385065e-04 
0.7 6.941837e+03 8.999677e-05 
0.7 7.145714e+03 5.867713e-05 
0.7 7.349592e+03 3.910342e-05 
0.7 7.553469e+03 2.587555e-05 
0.7 7.757347e+03 1.703520e-05 
0.7 7.961224e+03 1.128225e-05 
0.7 8.165102e+03 7.313654e-06 
0.7 8.368980e+03 4.622499e-06 
0.7 8.572857e+03 3.092331e-06 
0.7 8.776735e+03 1.914101e-06 
0.7 8.980612e+03 1.228235e-06 
0.7 9.184490e+03 7.458393e-07 
0.7 9.388367e+03 4.429096e-07 
0.7 9.592245e+03 2.508837e-07 
0.7 9.796122e+03 1.425947e-07 
0.7 1.000000e+04 7.583876e-08 
0.8 1.000000e+01 3.099220e+06 
0.8 2.138776e+02 1.939170e+04 
0.8 4.177551e+02 2.579791e+03 
0.8 6.216327e+02 6.848862e+02 
0.8 8.255102e+02 2.474270e+02 
0.8 1.029388e+03 1.051671e+02 
0.8 1.233265e+03 5.021037e+01 
0.8 1.437143e+03 2.568594e+01 
0.8 1.641020e+03 1.387295e+01 
0.8 1.844898e+03 7.771869e+00 
0.8 2.048776e+03 4.594168e+00 
0.8 2.252653e+03 2.741518e+00 
0.8 2.456531e+03 1.702458e+00 
0.8 2.660408e+03 1.020709e+00 
0.8 2.864286e+03 6.476824e-01 
0.8 3.068163e+03 4.158440e-01 
0.8 3.272041e+03 2.636118e-01 
0.8 3.475918e+03 1.714786e-01 
0.8 3.679796e+03 1.102257e-01 
0.8 3.883673e+03 7.256138e-02 
0.8 4.087551e+03 4.652003e-02 
0.8 4.291429e+03 3.022554e-02 
0.8 4.495306e+03 2.019894e-02 
0.8 4.699184e+03 1.291176e-02 
0.8 4.903061e+03 8.266828e-03 
0.8 5.106939e+03 5.498345e-03 
0.8 5.310816e+03 3.561188e-03 
0.8 5.514694e+03 2.330624e-03 
0.8 5.718571e+03 1.516908e-03 
0.8 5.922449e+03 9.827737e-04 
0.8 6.126327e+03 6.354665e-04 
0.8 6.330204e+03 4.090427e-04 
0.8 6.534082e+03 2.650495e-04 
0.8 6.737959e+03 1.784665e-04 
0.8 6.941837e+03 1.158821e-04 
0.8 7.145714e+03 7.836674e-05 
0.8 7.349592e+03 5.179463e-05 
0.8 7.553469e+03 3.299473e-05 
0.8 7.757347e+03 2.232436e-05 
0.8 7.961224e+03 1.456923e-05 
0.8 8.165102e+03 9.600276e-06 
0.8 8.368980e+03 6.256857e-06 
0.8 8.572857e+03 4.059696e-06 
0.8 8.776735e+03 2.499364e-06 
0.8 8.980612e+03 1.551713e-06 
0.8 9.184490e+03 9.594657e-07 
0.8 9.388367e+03 5.711932e-07 
0.8 9.592245e+03 3.358681e-07 
0.8 9.796122e+03 1.870069e-07 
0.8 1.000000e+04 9.995809e-08  
0.9 1.000000e+01 3.972110e+06 
0.9 2.138776e+02 2.464129e+04 
0.9 4.177551e+02 3.313685e+03 
0.9 6.216327e+02 8.703691e+02 
0.9 8.255102e+02 3.123309e+02 
0.9 1.029388e+03 1.328683e+02 
0.9 1.233265e+03 6.391432e+01 
0.9 1.437143e+03 3.225549e+01 
0.9 1.641020e+03 1.744298e+01 
0.9 1.844898e+03 9.820782e+00 
0.9 2.048776e+03 5.765582e+00 
0.9 2.252653e+03 3.497583e+00 
0.9 2.456531e+03 2.153698e+00 
0.9 2.660408e+03 1.328309e+00 
0.9 2.864286e+03 8.345528e-01 
0.9 3.068163e+03 5.237817e-01 
0.9 3.272041e+03 3.379530e-01 
0.9 3.475918e+03 2.150421e-01 
0.9 3.679796e+03 1.392497e-01 
0.9 3.883673e+03 9.119230e-02 
0.9 4.087551e+03 5.945257e-02 
0.9 4.291429e+03 3.840317e-02 
0.9 4.495306e+03 2.523369e-02 
0.9 4.699184e+03 1.614101e-02 
0.9 4.903061e+03 1.067012e-02 
0.9 5.106939e+03 6.833605e-03 
0.9 5.310816e+03 4.461443e-03 
0.9 5.514694e+03 2.932703e-03 
0.9 5.718571e+03 1.899135e-03 
0.9 5.922449e+03 1.235292e-03 
0.9 6.126327e+03 7.875477e-04 
0.9 6.330204e+03 5.259349e-04 
0.9 6.534082e+03 3.549367e-04 
0.9 6.737959e+03 2.291787e-04 
0.9 6.941837e+03 1.495287e-04 
0.9 7.145714e+03 9.710376e-05 
0.9 7.349592e+03 6.377033e-05 
0.9 7.553469e+03 4.358313e-05 
0.9 7.757347e+03 2.820757e-05 
0.9 7.961224e+03 1.865900e-05 
0.9 8.165102e+03 1.217444e-05 
0.9 8.368980e+03 7.999569e-06 
0.9 8.572857e+03 5.130258e-06 
0.9 8.776735e+03 3.197892e-06 
0.9 8.980612e+03 2.024968e-06 
0.9 9.184490e+03 1.234907e-06 
0.9 9.388367e+03 7.317230e-07 
0.9 9.592245e+03 4.221521e-07 
0.9 9.796122e+03 2.347513e-07 
0.9 1.000000e+04 1.271593e-07 
1.0 1.000000e+01 4.892220e+06 
1.0 2.138776e+02 3.023250e+04 
1.0 4.177551e+02 4.078817e+03 
1.0 6.216327e+02 1.089136e+03 
1.0 8.255102e+02 3.885349e+02 
1.0 1.029388e+03 1.648506e+02 
1.0 1.233265e+03 7.779867e+01 
1.0 1.437143e+03 3.989280e+01 
1.0 1.641020e+03 2.168109e+01 
1.0 1.844898e+03 1.244580e+01 
1.0 2.048776e+03 7.198682e+00 
1.0 2.252653e+03 4.251400e+00 
1.0 2.456531e+03 2.573310e+00 
1.0 2.660408e+03 1.590902e+00 
1.0 2.864286e+03 1.007762e+00 
1.0 3.068163e+03 6.517557e-01 
1.0 3.272041e+03 4.156444e-01 
1.0 3.475918e+03 2.573477e-01 
1.0 3.679796e+03 1.766377e-01 
1.0 3.883673e+03 1.099195e-01 
1.0 4.087551e+03 7.400407e-02 
1.0 4.291429e+03 4.543937e-02 
1.0 4.495306e+03 3.098077e-02 
1.0 4.699184e+03 1.965040e-02 
1.0 4.903061e+03 1.324171e-02 
1.0 5.106939e+03 8.573805e-03 
1.0 5.310816e+03 5.541899e-03 
1.0 5.514694e+03 3.599995e-03 
1.0 5.718571e+03 2.356259e-03 
1.0 5.922449e+03 1.509664e-03 
1.0 6.126327e+03 1.002829e-03 
1.0 6.330204e+03 6.608941e-04 
1.0 6.534082e+03 4.317935e-04 
1.0 6.737959e+03 2.804909e-04 
1.0 6.941837e+03 1.831206e-04 
1.0 7.145714e+03 1.213930e-04 
1.0 7.349592e+03 8.060623e-05 
1.0 7.553469e+03 5.315669e-05 
1.0 7.757347e+03 3.469561e-05 
1.0 7.961224e+03 2.278338e-05 
1.0 8.165102e+03 1.501628e-05 
1.0 8.368980e+03 9.587603e-06 
1.0 8.572857e+03 6.128291e-06 
1.0 8.776735e+03 3.970895e-06 
1.0 8.980612e+03 2.493744e-06 
1.0 9.184490e+03 1.491800e-06 
1.0 9.388367e+03 8.975481e-07 
1.0 9.592245e+03 5.233762e-07 
1.0 9.796122e+03 2.883949e-07 
1.0 1.000000e+04 1.545974e-07  
