0.01 1.000000e+01 1.098700e+00 
0.01 2.138776e+02 3.226300e-02 
0.01 4.177551e+02 5.870200e-03 
0.01 6.216327e+02 1.845090e-03 
0.01 8.255102e+02 7.137800e-04 
0.01 1.029388e+03 3.204700e-04 
0.01 1.233265e+03 1.576450e-04 
0.01 1.437143e+03 8.468700e-05 
0.01 1.641020e+03 4.704400e-05 
0.01 1.844898e+03 2.736500e-05 
0.01 2.048776e+03 1.626360e-05 
0.01 2.252653e+03 1.002800e-05 
0.01 2.456531e+03 6.213000e-06 
0.01 2.660408e+03 3.973200e-06 
0.01 2.864286e+03 2.550200e-06 
0.01 3.068163e+03 1.631190e-06 
0.01 3.272041e+03 1.048170e-06 
0.01 3.475918e+03 7.050100e-07 
0.01 3.679796e+03 4.647100e-07 
0.01 3.883673e+03 2.982800e-07 
0.01 4.087551e+03 2.002510e-07 
0.01 4.291429e+03 1.339040e-07 
0.01 4.495306e+03 8.780300e-08 
0.01 4.699184e+03 5.745300e-08 
0.01 4.903061e+03 3.908300e-08 
0.01 5.106939e+03 2.484100e-08 
0.01 5.310816e+03 1.641590e-08 
0.01 5.514694e+03 1.066380e-08 
0.01 5.718571e+03 7.103500e-09 
0.01 5.922449e+03 4.546200e-09 
0.01 6.126327e+03 3.074500e-09 
0.01 6.330204e+03 2.002630e-09 
0.01 6.534082e+03 1.312860e-09 
0.01 6.737959e+03 8.907600e-10 
0.01 6.941837e+03 5.758600e-10 
0.01 7.145714e+03 3.926200e-10 
0.01 7.349592e+03 2.566300e-10 
0.01 7.553469e+03 1.729140e-10 
0.01 7.757347e+03 1.123850e-10 
0.01 7.961224e+03 7.630800e-11 
0.01 8.165102e+03 5.070800e-11 
0.01 8.368980e+03 3.319100e-11 
0.01 8.572857e+03 2.128100e-11 
0.01 8.776735e+03 1.348820e-11 
0.01 8.980612e+03 8.619100e-12 
0.01 9.184490e+03 5.424600e-12 
0.01 9.388367e+03 3.238000e-12 
0.01 9.592245e+03 1.909770e-12 
0.01 9.796122e+03 1.066850e-12 
0.01 1.000000e+04 5.768300e-13  
0.1 1.000000e+01 1.107590e+02 
0.1 2.138776e+02 3.190200e+00 
0.1 4.177551e+02 5.804100e-01 
0.1 6.216327e+02 1.814320e-01 
0.1 8.255102e+02 7.116800e-02 
0.1 1.029388e+03 3.275900e-02 
0.1 1.233265e+03 1.585750e-02 
0.1 1.437143e+03 8.515700e-03 
0.1 1.641020e+03 4.796000e-03 
0.1 1.844898e+03 2.753500e-03 
0.1 2.048776e+03 1.624350e-03 
0.1 2.252653e+03 9.919300e-04 
0.1 2.456531e+03 6.257500e-04 
0.1 2.660408e+03 3.802000e-04 
0.1 2.864286e+03 2.512800e-04 
0.1 3.068163e+03 1.633610e-04 
0.1 3.272041e+03 1.071200e-04 
0.1 3.475918e+03 7.071100e-05 
0.1 3.679796e+03 4.662000e-05 
0.1 3.883673e+03 2.935500e-05 
0.1 4.087551e+03 1.985590e-05 
0.1 4.291429e+03 1.325040e-05 
0.1 4.495306e+03 8.692900e-06 
0.1 4.699184e+03 5.805700e-06 
0.1 4.903061e+03 3.772000e-06 
0.1 5.106939e+03 2.469500e-06 
0.1 5.310816e+03 1.649620e-06 
0.1 5.514694e+03 1.077280e-06 
0.1 5.718571e+03 7.165700e-07 
0.1 5.922449e+03 4.685300e-07 
0.1 6.126327e+03 3.131800e-07 
0.1 6.330204e+03 1.995790e-07 
0.1 6.534082e+03 1.350480e-07 
0.1 6.737959e+03 8.876700e-08 
0.1 6.941837e+03 5.640400e-08 
0.1 7.145714e+03 3.898400e-08 
0.1 7.349592e+03 2.614000e-08 
0.1 7.553469e+03 1.693400e-08 
0.1 7.757347e+03 1.144950e-08 
0.1 7.961224e+03 7.546200e-09 
0.1 8.165102e+03 4.954800e-09 
0.1 8.368980e+03 3.330300e-09 
0.1 8.572857e+03 2.149000e-09 
0.1 8.776735e+03 1.365240e-09 
0.1 8.980612e+03 8.478900e-10 
0.1 9.184490e+03 5.234000e-10 
0.1 9.388367e+03 3.176900e-10 
0.1 9.592245e+03 1.902470e-10 
0.1 9.796122e+03 1.080890e-10 
0.1 1.000000e+04 5.971500e-11  
0.2 1.000000e+01 4.361200e+02 
0.2 2.138776e+02 1.272910e+01 
0.2 4.177551e+02 2.416730e+00 
0.2 6.216327e+02 7.210500e-01 
0.2 8.255102e+02 2.866000e-01 
0.2 1.029388e+03 1.269640e-01 
0.2 1.233265e+03 6.405900e-02 
0.2 1.437143e+03 3.381800e-02 
0.2 1.641020e+03 1.871780e-02 
0.2 1.844898e+03 1.111680e-02 
0.2 2.048776e+03 6.484300e-03 
0.2 2.252653e+03 4.022900e-03 
0.2 2.456531e+03 2.562800e-03 
0.2 2.660408e+03 1.595750e-03 
0.2 2.864286e+03 1.007590e-03 
0.2 3.068163e+03 6.515900e-04 
0.2 3.272041e+03 4.239900e-04 
0.2 3.475918e+03 2.773500e-04 
0.2 3.679796e+03 1.838040e-04 
0.2 3.883673e+03 1.179340e-04 
0.2 4.087551e+03 7.915400e-05 
0.2 4.291429e+03 5.263300e-05 
0.2 4.495306e+03 3.470600e-05 
0.2 4.699184e+03 2.305500e-05 
0.2 4.903061e+03 1.534700e-05 
0.2 5.106939e+03 1.004730e-05 
0.2 5.310816e+03 6.674800e-06 
0.2 5.514694e+03 4.299200e-06 
0.2 5.718571e+03 2.814900e-06 
0.2 5.922449e+03 1.883950e-06 
0.2 6.126327e+03 1.229990e-06 
0.2 6.330204e+03 8.056400e-07 
0.2 6.534082e+03 5.397800e-07 
0.2 6.737959e+03 3.587600e-07 
0.2 6.941837e+03 2.338800e-07 
0.2 7.145714e+03 1.547790e-07 
0.2 7.349592e+03 1.028880e-07 
0.2 7.553469e+03 6.825500e-08 
0.2 7.757347e+03 4.606500e-08 
0.2 7.961224e+03 2.996100e-08 
0.2 8.165102e+03 2.061600e-08 
0.2 8.368980e+03 1.324110e-08 
0.2 8.572857e+03 8.491100e-09 
0.2 8.776735e+03 5.562100e-09 
0.2 8.980612e+03 3.491600e-09 
0.2 9.184490e+03 2.144000e-09 
0.2 9.388367e+03 1.268540e-09 
0.2 9.592245e+03 7.518300e-10 
0.2 9.796122e+03 4.263400e-10 
0.2 1.000000e+04 2.352500e-10  
0.3 1.000000e+01 9.809200e+02 
0.3 2.138776e+02 2.885100e+01 
0.3 4.177551e+02 5.284900e+00 
0.3 6.216327e+02 1.609550e+00 
0.3 8.255102e+02 6.366300e-01 
0.3 1.029388e+03 2.882800e-01 
0.3 1.233265e+03 1.464290e-01 
0.3 1.437143e+03 7.533500e-02 
0.3 1.641020e+03 4.271800e-02 
0.3 1.844898e+03 2.478200e-02 
0.3 2.048776e+03 1.456090e-02 
0.3 2.252653e+03 8.958400e-03 
0.3 2.456531e+03 5.701900e-03 
0.3 2.660408e+03 3.517900e-03 
0.3 2.864286e+03 2.243600e-03 
0.3 3.068163e+03 1.464860e-03 
0.3 3.272041e+03 9.647500e-04 
0.3 3.475918e+03 6.310100e-04 
0.3 3.679796e+03 4.193600e-04 
0.3 3.883673e+03 2.718000e-04 
0.3 4.087551e+03 1.785380e-04 
0.3 4.291429e+03 1.181550e-04 
0.3 4.495306e+03 7.860400e-05 
0.3 4.699184e+03 5.174100e-05 
0.3 4.903061e+03 3.460800e-05 
0.3 5.106939e+03 2.256900e-05 
0.3 5.310816e+03 1.468360e-05 
0.3 5.514694e+03 9.773900e-06 
0.3 5.718571e+03 6.465300e-06 
0.3 5.922449e+03 4.214000e-06 
0.3 6.126327e+03 2.748800e-06 
0.3 6.330204e+03 1.831320e-06 
0.3 6.534082e+03 1.182830e-06 
0.3 6.737959e+03 7.913300e-07 
0.3 6.941837e+03 5.258200e-07 
0.3 7.145714e+03 3.482100e-07 
0.3 7.349592e+03 2.341400e-07 
0.3 7.553469e+03 1.505980e-07 
0.3 7.757347e+03 1.032180e-07 
0.3 7.961224e+03 6.753900e-08 
0.3 8.165102e+03 4.511000e-08 
0.3 8.368980e+03 2.918500e-08 
0.3 8.572857e+03 1.930880e-08 
0.3 8.776735e+03 1.248180e-08 
0.3 8.980612e+03 7.723700e-09 
0.3 9.184490e+03 4.805600e-09 
0.3 9.388367e+03 2.851600e-09 
0.3 9.592245e+03 1.731000e-09 
0.3 9.796122e+03 9.512800e-10 
0.3 1.000000e+04 5.316700e-10   
0.4 1.000000e+01 1.745440e+03 
0.4 2.138776e+02 5.106000e+01 
0.4 4.177551e+02 9.475300e+00 
0.4 6.216327e+02 2.941100e+00 
0.4 8.255102e+02 1.138260e+00 
0.4 1.029388e+03 5.130400e-01 
0.4 1.233265e+03 2.562100e-01 
0.4 1.437143e+03 1.362360e-01 
0.4 1.641020e+03 7.467100e-02 
0.4 1.844898e+03 4.434500e-02 
0.4 2.048776e+03 2.664600e-02 
0.4 2.252653e+03 1.601310e-02 
0.4 2.456531e+03 9.950400e-03 
0.4 2.660408e+03 6.290800e-03 
0.4 2.864286e+03 4.093700e-03 
0.4 3.068163e+03 2.663200e-03 
0.4 3.272041e+03 1.705010e-03 
0.4 3.475918e+03 1.110020e-03 
0.4 3.679796e+03 7.389300e-04 
0.4 3.883673e+03 4.793500e-04 
0.4 4.087551e+03 3.168600e-04 
0.4 4.291429e+03 2.100000e-04 
0.4 4.495306e+03 1.392440e-04 
0.4 4.699184e+03 9.327000e-05 
0.4 4.903061e+03 5.974800e-05 
0.4 5.106939e+03 4.009900e-05 
0.4 5.310816e+03 2.637900e-05 
0.4 5.514694e+03 1.723810e-05 
0.4 5.718571e+03 1.133950e-05 
0.4 5.922449e+03 7.521800e-06 
0.4 6.126327e+03 4.939300e-06 
0.4 6.330204e+03 3.187800e-06 
0.4 6.534082e+03 2.117700e-06 
0.4 6.737959e+03 1.346650e-06 
0.4 6.941837e+03 9.325900e-07 
0.4 7.145714e+03 6.178700e-07 
0.4 7.349592e+03 4.029700e-07 
0.4 7.553469e+03 2.757900e-07 
0.4 7.757347e+03 1.823170e-07 
0.4 7.961224e+03 1.210190e-07 
0.4 8.165102e+03 8.040600e-08 
0.4 8.368980e+03 5.352400e-08 
0.4 8.572857e+03 3.405900e-08 
0.4 8.776735e+03 2.179200e-08 
0.4 8.980612e+03 1.354850e-08 
0.4 9.184490e+03 8.562600e-09 
0.4 9.388367e+03 5.081600e-09 
0.4 9.592245e+03 3.009000e-09 
0.4 9.796122e+03 1.706800e-09 
0.4 1.000000e+04 9.325800e-10
0.5 1.000000e+01 2.765900e+03 
0.5 2.138776e+02 8.081900e+01 
0.5 4.177551e+02 1.465010e+01 
0.5 6.216327e+02 4.504600e+00 
0.5 8.255102e+02 1.807730e+00 
0.5 1.029388e+03 8.117300e-01 
0.5 1.233265e+03 4.019800e-01 
0.5 1.437143e+03 2.126440e-01 
0.5 1.641020e+03 1.193020e-01 
0.5 1.844898e+03 6.853300e-02 
0.5 2.048776e+03 4.149900e-02 
0.5 2.252653e+03 2.535700e-02 
0.5 2.456531e+03 1.524620e-02 
0.5 2.660408e+03 9.927600e-03 
0.5 2.864286e+03 6.202800e-03 
0.5 3.068163e+03 4.133400e-03 
0.5 3.272041e+03 2.600000e-03 
0.5 3.475918e+03 1.717580e-03 
0.5 3.679796e+03 1.146870e-03 
0.5 3.883673e+03 7.519400e-04 
0.5 4.087551e+03 5.050400e-04 
0.5 4.291429e+03 3.320400e-04 
0.5 4.495306e+03 2.191600e-04 
0.5 4.699184e+03 1.440520e-04 
0.5 4.903061e+03 9.499200e-05 
0.5 5.106939e+03 6.369400e-05 
0.5 5.310816e+03 4.151300e-05 
0.5 5.514694e+03 2.723600e-05 
0.5 5.718571e+03 1.765380e-05 
0.5 5.922449e+03 1.178890e-05 
0.5 6.126327e+03 7.685400e-06 
0.5 6.330204e+03 5.028500e-06 
0.5 6.534082e+03 3.318900e-06 
0.5 6.737959e+03 2.157800e-06 
0.5 6.941837e+03 1.425150e-06 
0.5 7.145714e+03 9.786300e-07 
0.5 7.349592e+03 6.365200e-07 
0.5 7.553469e+03 4.298700e-07 
0.5 7.757347e+03 2.804300e-07 
0.5 7.961224e+03 1.909940e-07 
0.5 8.165102e+03 1.259660e-07 
0.5 8.368980e+03 8.053000e-08 
0.5 8.572857e+03 5.278200e-08 
0.5 8.776735e+03 3.452500e-08 
0.5 8.980612e+03 2.158800e-08 
0.5 9.184490e+03 1.325910e-08 
0.5 9.388367e+03 8.130100e-09 
0.5 9.592245e+03 4.785700e-09 
0.5 9.796122e+03 2.665000e-09 
0.5 1.000000e+04 1.484710e-09  
0.6 1.000000e+01 3.994700e+03 
0.6 2.138776e+02 1.155320e+02 
0.6 4.177551e+02 2.133470e+01 
0.6 6.216327e+02 6.579100e+00 
0.6 8.255102e+02 2.568000e+00 
0.6 1.029388e+03 1.150740e+00 
0.6 1.233265e+03 5.712400e-01 
0.6 1.437143e+03 3.077700e-01 
0.6 1.641020e+03 1.686220e-01 
0.6 1.844898e+03 9.941000e-02 
0.6 2.048776e+03 5.938400e-02 
0.6 2.252653e+03 3.633500e-02 
0.6 2.456531e+03 2.259600e-02 
0.6 2.660408e+03 1.432480e-02 
0.6 2.864286e+03 8.976300e-03 
0.6 3.068163e+03 5.857700e-03 
0.6 3.272041e+03 3.882300e-03 
0.6 3.475918e+03 2.558200e-03 
0.6 3.679796e+03 1.585010e-03 
0.6 3.883673e+03 1.100350e-03 
0.6 4.087551e+03 7.138300e-04 
0.6 4.291429e+03 4.714500e-04 
0.6 4.495306e+03 3.124200e-04 
0.6 4.699184e+03 2.093380e-04 
0.6 4.903061e+03 1.370210e-04 
0.6 5.106939e+03 8.960300e-05 
0.6 5.310816e+03 5.880000e-05 
0.6 5.514694e+03 3.880500e-05 
0.6 5.718571e+03 2.554400e-05 
0.6 5.922449e+03 1.653420e-05 
0.6 6.126327e+03 1.106280e-05 
0.6 6.330204e+03 7.261800e-06 
0.6 6.534082e+03 4.803900e-06 
0.6 6.737959e+03 3.133200e-06 
0.6 6.941837e+03 2.105100e-06 
0.6 7.145714e+03 1.385200e-06 
0.6 7.349592e+03 9.170700e-07 
0.6 7.553469e+03 6.155200e-07 
0.6 7.757347e+03 4.045500e-07 
0.6 7.961224e+03 2.718100e-07 
0.6 8.165102e+03 1.817800e-07 
0.6 8.368980e+03 1.197060e-07 
0.6 8.572857e+03 7.723200e-08 
0.6 8.776735e+03 4.935900e-08 
0.6 8.980612e+03 3.156100e-08 
0.6 9.184490e+03 1.917670e-08 
0.6 9.388367e+03 1.169690e-08 
0.6 9.592245e+03 6.891200e-09 
0.6 9.796122e+03 3.833500e-09 
0.6 1.000000e+04 2.071300e-09  
0.7 1.000000e+01 5.435800e+03 
0.7 2.138776e+02 1.561640e+02 
0.7 4.177551e+02 2.891300e+01 
0.7 6.216327e+02 8.887000e+00 
0.7 8.255102e+02 3.530900e+00 
0.7 1.029388e+03 1.574620e+00 
0.7 1.233265e+03 7.915700e-01 
0.7 1.437143e+03 4.248400e-01 
0.7 1.641020e+03 2.328700e-01 
0.7 1.844898e+03 1.342360e-01 
0.7 2.048776e+03 8.158600e-02 
0.7 2.252653e+03 4.844200e-02 
0.7 2.456531e+03 3.038700e-02 
0.7 2.660408e+03 1.972650e-02 
0.7 2.864286e+03 1.237880e-02 
0.7 3.068163e+03 8.019300e-03 
0.7 3.272041e+03 5.224700e-03 
0.7 3.475918e+03 3.424000e-03 
0.7 3.679796e+03 2.262900e-03 
0.7 3.883673e+03 1.469620e-03 
0.7 4.087551e+03 9.794700e-04 
0.7 4.291429e+03 6.412500e-04 
0.7 4.495306e+03 4.348600e-04 
0.7 4.699184e+03 2.751500e-04 
0.7 4.903061e+03 1.844330e-04 
0.7 5.106939e+03 1.225900e-04 
0.7 5.310816e+03 8.006600e-05 
0.7 5.514694e+03 5.343400e-05 
0.7 5.718571e+03 3.517800e-05 
0.7 5.922449e+03 2.299900e-05 
0.7 6.126327e+03 1.501680e-05 
0.7 6.330204e+03 9.868700e-06 
0.7 6.534082e+03 6.563800e-06 
0.7 6.737959e+03 4.342900e-06 
0.7 6.941837e+03 2.881200e-06 
0.7 7.145714e+03 1.875900e-06 
0.7 7.349592e+03 1.242380e-06 
0.7 7.553469e+03 8.479500e-07 
0.7 7.757347e+03 5.528600e-07 
0.7 7.961224e+03 3.706900e-07 
0.7 8.165102e+03 2.424100e-07 
0.7 8.368980e+03 1.599050e-07 
0.7 8.572857e+03 1.035520e-07 
0.7 8.776735e+03 6.803900e-08 
0.7 8.980612e+03 4.224100e-08 
0.7 9.184490e+03 2.611200e-08 
0.7 9.388367e+03 1.581720e-08 
0.7 9.592245e+03 9.302000e-09 
0.7 9.796122e+03 5.212800e-09 
0.7 1.000000e+04 2.898700e-09  
0.8 1.000000e+01 6.957800e+03 
0.8 2.138776e+02 2.073320e+02 
0.8 4.177551e+02 3.771700e+01 
0.8 6.216327e+02 1.171360e+01 
0.8 8.255102e+02 4.600600e+00 
0.8 1.029388e+03 2.067440e+00 
0.8 1.233265e+03 1.035490e+00 
0.8 1.437143e+03 5.466400e-01 
0.8 1.641020e+03 3.055700e-01 
0.8 1.844898e+03 1.727010e-01 
0.8 2.048776e+03 1.066050e-01 
0.8 2.252653e+03 6.483600e-02 
0.8 2.456531e+03 4.067500e-02 
0.8 2.660408e+03 2.535400e-02 
0.8 2.864286e+03 1.608390e-02 
0.8 3.068163e+03 1.027250e-02 
0.8 3.272041e+03 6.757900e-03 
0.8 3.475918e+03 4.419900e-03 
0.8 3.679796e+03 2.870500e-03 
0.8 3.883673e+03 1.926160e-03 
0.8 4.087551e+03 1.283650e-03 
0.8 4.291429e+03 8.418500e-04 
0.8 4.495306e+03 5.490300e-04 
0.8 4.699184e+03 3.713000e-04 
0.8 4.903061e+03 2.430800e-04 
0.8 5.106939e+03 1.591950e-04 
0.8 5.310816e+03 1.053550e-04 
0.8 5.514694e+03 6.963700e-05 
0.8 5.718571e+03 4.574600e-05 
0.8 5.922449e+03 3.031000e-05 
0.8 6.126327e+03 1.955550e-05 
0.8 6.330204e+03 1.292330e-05 
0.8 6.534082e+03 8.485100e-06 
0.8 6.737959e+03 5.722900e-06 
0.8 6.941837e+03 3.733100e-06 
0.8 7.145714e+03 2.443500e-06 
0.8 7.349592e+03 1.660330e-06 
0.8 7.553469e+03 1.106870e-06 
0.8 7.757347e+03 7.251500e-07 
0.8 7.961224e+03 4.860800e-07 
0.8 8.165102e+03 3.215100e-07 
0.8 8.368980e+03 2.101500e-07 
0.8 8.572857e+03 1.360270e-07 
0.8 8.776735e+03 8.567000e-08 
0.8 8.980612e+03 5.653500e-08 
0.8 9.184490e+03 3.414800e-08 
0.8 9.388367e+03 2.071430e-08 
0.8 9.592245e+03 1.197050e-08 
0.8 9.796122e+03 6.807800e-09 
0.8 1.000000e+04 3.787800e-09   
0.9 1.000000e+01 8.906400e+03 
0.9 2.138776e+02 2.587200e+02 
0.9 4.177551e+02 4.758700e+01 
0.9 6.216327e+02 1.503400e+01 
0.9 8.255102e+02 5.747400e+00 
0.9 1.029388e+03 2.585400e+00 
0.9 1.233265e+03 1.304980e+00 
0.9 1.437143e+03 6.932600e-01 
0.9 1.641020e+03 3.848600e-01 
0.9 1.844898e+03 2.180300e-01 
0.9 2.048776e+03 1.316370e-01 
0.9 2.252653e+03 8.145100e-02 
0.9 2.456531e+03 4.964000e-02 
0.9 2.660408e+03 3.167200e-02 
0.9 2.864286e+03 2.023410e-02 
0.9 3.068163e+03 1.317910e-02 
0.9 3.272041e+03 8.648200e-03 
0.9 3.475918e+03 5.644000e-03 
0.9 3.679796e+03 3.717200e-03 
0.9 3.883673e+03 2.489900e-03 
0.9 4.087551e+03 1.632820e-03 
0.9 4.291429e+03 1.081070e-03 
0.9 4.495306e+03 6.961200e-04 
0.9 4.699184e+03 4.649000e-04 
0.9 4.903061e+03 3.082000e-04 
0.9 5.106939e+03 2.030640e-04 
0.9 5.310816e+03 1.358730e-04 
0.9 5.514694e+03 8.702800e-05 
0.9 5.718571e+03 5.723100e-05 
0.9 5.922449e+03 3.781400e-05 
0.9 6.126327e+03 2.524400e-05 
0.9 6.330204e+03 1.609800e-05 
0.9 6.534082e+03 1.063130e-05 
0.9 6.737959e+03 7.185300e-06 
0.9 6.941837e+03 4.760900e-06 
0.9 7.145714e+03 3.182600e-06 
0.9 7.349592e+03 2.051200e-06 
0.9 7.553469e+03 1.359740e-06 
0.9 7.757347e+03 9.314200e-07 
0.9 7.961224e+03 6.138200e-07 
0.9 8.165102e+03 3.992500e-07 
0.9 8.368980e+03 2.646100e-07 
0.9 8.572857e+03 1.714920e-07 
0.9 8.776735e+03 1.112520e-07 
0.9 8.980612e+03 7.121300e-08 
0.9 9.184490e+03 4.355200e-08 
0.9 9.388367e+03 2.561600e-08 
0.9 9.592245e+03 1.535820e-08 
0.9 9.796122e+03 8.703400e-09 
0.9 1.000000e+04 4.826400e-09    
1.0 1.000000e+01 1.102500e+04 
1.0 2.138776e+02 3.241000e+02 
1.0 4.177551e+02 5.918100e+01 
1.0 6.216327e+02 1.817550e+01 
1.0 8.255102e+02 7.091600e+00 
1.0 1.029388e+03 3.169200e+00 
1.0 1.233265e+03 1.589270e+00 
1.0 1.437143e+03 8.595100e-01 
1.0 1.641020e+03 4.714700e-01 
1.0 1.844898e+03 2.752300e-01 
1.0 2.048776e+03 1.678900e-01 
1.0 2.252653e+03 1.011590e-01 
1.0 2.456531e+03 6.255600e-02 
1.0 2.660408e+03 3.974200e-02 
1.0 2.864286e+03 2.505700e-02 
1.0 3.068163e+03 1.619110e-02 
1.0 3.272041e+03 1.050760e-02 
1.0 3.475918e+03 6.790200e-03 
1.0 3.679796e+03 4.637600e-03 
1.0 3.883673e+03 3.032500e-03 
1.0 4.087551e+03 2.009040e-03 
1.0 4.291429e+03 1.314600e-03 
1.0 4.495306e+03 8.658400e-04 
1.0 4.699184e+03 5.735300e-04 
1.0 4.903061e+03 3.798400e-04 
1.0 5.106939e+03 2.487100e-04 
1.0 5.310816e+03 1.629860e-04 
1.0 5.514694e+03 1.085320e-04 
1.0 5.718571e+03 7.157400e-05 
1.0 5.922449e+03 4.715500e-05 
1.0 6.126327e+03 3.107300e-05 
1.0 6.330204e+03 2.009350e-05 
1.0 6.534082e+03 1.362920e-05 
1.0 6.737959e+03 8.716100e-06 
1.0 6.941837e+03 5.865000e-06 
1.0 7.145714e+03 3.898800e-06 
1.0 7.349592e+03 2.565100e-06 
1.0 7.553469e+03 1.724970e-06 
1.0 7.757347e+03 1.148930e-06 
1.0 7.961224e+03 7.598200e-07 
1.0 8.165102e+03 4.984200e-07 
1.0 8.368980e+03 3.356500e-07 
1.0 8.572857e+03 2.153500e-07 
1.0 8.776735e+03 1.369920e-07 
1.0 8.980612e+03 8.449200e-08 
1.0 9.184490e+03 5.230800e-08 
1.0 9.388367e+03 3.213900e-08 
1.0 9.592245e+03 1.884130e-08 
1.0 9.796122e+03 1.079440e-08 
1.0 1.000000e+04 5.840100e-09 
