200 183171 19208
205 166915 17858
210 152664 15702
215 139460 14602
220 127787 13169
225 117657 12307
230 107508 11531
235 98969 10235
240 91361 9599
245 84255 8830
250 77809 8164
255 71982 7538
260 66647 6960
265 61776 6477
270 57360 5972
275 53310 5549
280 49607 5201
285 46207 4788
290 43113 4491
295 40226 4211
300 37590 3905
305 35159 3614
310 32923 3439
315 30891 3180
320 28973 3027
325 27200 2838
330 25572 2614
335 24050 2496
340 22688 2340
345 21420 2187
350 20152 2044
355 19040 1954
360 17972 1822
365 17008 1695
370 16097 1626
375 15288 1564
380 14473 1498
385 13717 1394
390 13004 1336
395 12349 1240
400 11738 1191
405 11130 1145
410 10572 1053
415 10065 1013
420 9588 976
425 9126 925
430 8695 887
435 8284 841
440 7899 801
445 7534 773
450 7189 737
455 6865 702
460 6561 668
465 6271 641
470 5993 615
475 5735 590
480 5487 567
485 5254 539
490 5037 517
495 4819 496
500 4622 476
505 4435 456
510 4248 438
515 4071 420
520 3915 402
525 3758 385
530 3607 373
535 3466 353
540 3329 337
545 3198 328
550 3077 318
555 2962 305
560 2845 291
565 2744 283
570 2639 271
575 2543 259
580 2452 252
585 2366 239
590 2275 233
595 2194 228
600 2119 216
605 2043 206
610 1973 201
615 1902 195
620 1841 190
625 1775 181
630 1715 176
635 1654 171
640 1603 167
645 1548 159
650 1497 154
655 1447 151
660 1401 142
665 1356 144
670 1311 136
675 1270 133
680 1230 130
685 1189 127
690 1154 119
695 1119 121
700 1083 114
705 1053 111
710 1016 105
715 986 103
720 957 100
725 927 97
730 899 94
735 873 91
740 847 88
745 822 85
750 798 83
755 775 80
760 752 78
765 730 75
770 710 73
775 689 71
780 670 68
785 651 66
790 632 65
795 615 63
800 598 61
805 581 59
810 565 57
815 550 56
820 535 54
825 520 53
830 507 51
835 493 50
840 480 48
845 467 47
850 454 46
855 442 45
860 431 43
865 420 42
870 409 41
875 398 40
880 388 39
885 378 38
890 369 37
895 360 36
900 350 35
905 342 34
910 333 33
915 325 33
920 317 32
925 309 31
930 302 30
935 294 29
940 287 29
945 280 28
950 274 27
955 267 27
960 261 26
965 255 26
970 249 24
975 243 24
980 237 24
985 231 23
990 226 23
995 221 22
1000 216 21
1005 211 21
1010 206 20
1015 201 20
1020 197 20
1025 192 19
1030 188 19
1035 184 18
1040 180 18
1045 176 17
1050 172 17
1055 168 16
1060 164 17
1065 161 16
1070 158 16
1075 154 15
1080 151 15
1085 147 14
1090 144 14
1095 141 14
1100 138 14
1105 135 13
1110 132 13
1115 130 12
1120 127 12
1125 125 12
1130 122 12
1135 120 12
1140 117 12
1145 115 11
1150 112 11
1155 110 11
1160 107 11
1165 105 10
1170 103 10
1175 101 10
1180 99 10
1185 97 9
1190 95 9
1195 93 9
1200 91 9
1205 90 9
1210 88 8
1215 86 8
1220 84 8
1225 83 8
1230 81 8
1235 80 8
1240 78 8
1245 77 7
1250 75 7
1255 74 7
1260 72 7
1265 71 7
1270 70 7
1275 68 6
1280 67 6
1285 66 6
1290 65 6
1295 63 6
1300 62 6
1305 61 6
1310 60 6
1315 59 6
1320 58 5
1325 57 5
1330 56 5
1335 55 5
1340 54 5
1345 53 5
1350 52 5
1355 51 5
1360 50 5
1365 49 5
1370 48 4
1375 47 4
1380 46 4
1385 46 4
1390 45 4
1395 44 4
1400 43 4
1405 43 4
1410 42 4
1415 41 4
1420 40 4
1425 40 4
1430 39 4
1435 38 3
1440 38 3
1445 37 3
1450 36 3
1455 36 3
1460 35 3
1465 35 3
1470 34 3
1475 33 3
1480 33 3
1485 32 3
1490 32 3
1495 31 3
1500 31 3
1505 30 3
1510 30 3
1515 29 3
1520 29 2
1525 28 2
1530 28 2
1535 27 2
1540 27 2
1545 26 2
1550 26 2
1555 26 2
1560 25 2
1565 25 2
1570 24 2
1575 24 2
1580 24 2
1585 23 2
1590 23 2
1595 23 2
1600 22 2
1605 22 2
1610 21 2
1615 21 2
1620 21 2
1625 20 2
1630 20 2
1635 20 2
1640 20 1
1645 19 1
1650 19 1
1655 19 1
1660 18 1
1665 18 1
1670 18 1
1675 18 1
1680 17 1
1685 17 1
1690 17 1
1695 17 1
1700 16 1
1705 16 1
1710 16 1
1715 16 1
1720 15 1
1725 15 1
1730 15 1
1735 15 1
1740 14 1
1745 14 1
1750 14 1
1755 14 1
1760 14 1
1765 13 1
1770 13 1
1775 13 1
1780 13 1
1785 13 1
1790 12 1
1795 12 1
1800 12 1
1805 12 1
1810 12 1
1815 12 1
1820 11 1
1825 11 1
1830 11 1
1835 11 1
1840 11 1
1845 11 1
1850 10 1
1855 10 1
1860 10 1
1865 10 1
1870 10 1
1875 10 1
1880 10 1
1885 9 1
1890 9 0
1895 9 0
1900 9 0
1905 9 0
1910 9 0
1915 9 0
1920 9 0
1925 8 0
1930 8 0
1935 8 0
1940 8 0
1945 8 0
1950 8 0
1955 8 0
1960 8 0
1965 8 0
1970 7 0
1975 7 0
1980 7 0
1985 7 0
1990 7 0
1995 7 0
2000 7 0
2005 7 0
2010 7 0
2015 7 0
2020 6 0
2025 6 0
2030 6 0
2035 6 0
2040 6 0
2045 6 0
2050 6 0
2055 6 0
2060 6 0
2065 6 0
2070 6 0
2075 6 0
2080 5 0
2085 5 0
2090 5 0
2095 5 0
2100 5 0
2105 5 0
2110 5 0
2115 5 0
2120 5 0
2125 5 0
2130 5 0
2135 5 0
2140 5 0
2145 5 0
2150 5 0
2155 4 0
2160 4 0
2165 4 0
2170 4 0
2175 4 0
2180 4 0
2185 4 0
2190 4 0
2195 4 0
2200 4 0
2205 4 0
2210 4 0
2215 4 0
2220 4 0
2225 4 0
2230 4 0
2235 4 0
2240 4 0
2245 3 0
2250 3 0
2255 3 0
2260 3 0
2265 3 0
2270 3 0
2275 3 0
2280 3 0
2285 3 0
2290 3 0
2295 3 0
2300 3 0
2305 3 0
2310 3 0
2315 3 0
2320 3 0
2325 3 0
2330 3 0
2335 3 0
2340 3 0
2345 3 0
2350 3 0
2355 3 0
2360 3 0
2365 3 0
2370 2 0
2375 2 0
2380 2 0
2385 2 0
2390 2 0
2395 2 0
2400 2 0
2405 2 0
2410 2 0
2415 2 0
2420 2 0
2425 2 0
2430 2 0
2435 2 0
2440 2 0
2445 2 0
2450 2 0
2455 2 0
2460 2 0
2465 2 0
2470 2 0
2475 2 0
2480 2 0
2485 2 0
2490 2 0
2495 2 0
2500 2 0
2505 2 0
2510 2 0
2515 2 0
2520 2 0
2525 2 0
2530 2 0
2535 2 0
2540 2 0
2545 2 0
2550 2 0
2555 1 0
2560 1 0
2565 1 0
2570 1 0
2575 1 0
2580 1 0
2585 1 0
2590 1 0
2595 1 0
2600 1 0
2605 1 0
2610 1 0
2615 1 0
2620 1 0
2625 1 0
2630 1 0
2635 1 0
2640 1 0
2645 1 0
2650 1 0
2655 1 0
2660 1 0
2665 1 0
2670 1 0
2675 1 0
2680 1 0
2685 1 0
2690 1 0
2695 1 0
2700 1 0
2705 1 0
2710 1 0
2715 1 0
2720 1 0
2725 1 0
2730 1 0
2735 1 0
2740 1 0
2745 1 0
2750 1 0
2755 1 0
2760 1 0
2765 1 0
2770 1 0
2775 1 0
2780 1 0
2785 1 0
2790 1 0
2795 1 0
2800 1 0
2805 1 0
2810 1 0
2815 1 0
2820 1 0
2825 1 0
2830 1 0
2835 1 0
2840 1 0
2845 1 0
2850 1 0
2855 1 0
2860 1 0
2865 1 0
2870 1 0
2875 1 0
2880 1 0
2885 1 0
2890 1 0
2895 1 0
2900 0 0
2905 0 0
2910 0 0
2915 0 0
2920 0 0
2925 0 0
2930 0 0
2935 0 0
2940 0 0
2945 0 0
2950 0 0
2955 0 0
2960 0 0
2965 0 0
2970 0 0
2975 0 0
2980 0 0
2985 0 0
2990 0 0
2995 0 0
3000 0 0
3005 0 0
3010 0 0
3015 0 0
3020 0 0
3025 0 0
3030 0 0
3035 0 0
3040 0 0
3045 0 0
3050 0 0
3055 0 0
3060 0 0
3065 0 0
3070 0 0
3075 0 0
3080 0 0
3085 0 0
3090 0 0
3095 0 0
3100 0 0
3105 0 0
3110 0 0
3115 0 0
3120 0 0
3125 0 0
3130 0 0
3135 0 0
3140 0 0
3145 0 0
3150 0 0
3155 0 0
3160 0 0
3165 0 0
3170 0 0
3175 0 0
3180 0 0
3185 0 0
3190 0 0
3195 0 0
3200 0 0
3205 0 0
3210 0 0
3215 0 0
3220 0 0
3225 0 0
3230 0 0
3235 0 0
3240 0 0
3245 0 0
3250 0 0
3255 0 0
3260 0 0
3265 0 0
3270 0 0
3275 0 0
3280 0 0
3285 0 0
3290 0 0
3295 0 0
3300 0 0
3305 0 0
3310 0 0
3315 0 0
3320 0 0
3325 0 0
3330 0 0
3335 0 0
3340 0 0
3345 0 0
3350 0 0
3355 0 0
3360 0 0
3365 0 0
3370 0 0
3375 0 0
3380 0 0
3385 0 0
3390 0 0
3395 0 0
3400 0 0
3405 0 0
3410 0 0
3415 0 0
3420 0 0
3425 0 0
3430 0 0
3435 0 0
3440 0 0
3445 0 0
3450 0 0
3455 0 0
3460 0 0
3465 0 0
3470 0 0
3475 0 0
3480 0 0
3485 0 0
3490 0 0
3495 0 0
3500 0 0
3505 0 0
3510 0 0
3515 0 0
3520 0 0
3525 0 0
3530 0 0
3535 0 0
3540 0 0
3545 0 0
3550 0 0
3555 0 0
3560 0 0
3565 0 0
3570 0 0
3575 0 0
3580 0 0
3585 0 0
3590 0 0
3595 0 0
3600 0 0
3605 0 0
3610 0 0
3615 0 0
3620 0 0
3625 0 0
3630 0 0
3635 0 0
3640 0 0
3645 0 0
3650 0 0
3655 0 0
3660 0 0
3665 0 0
3670 0 0
3675 0 0
3680 0 0
3685 0 0
3690 0 0
3695 0 0
3700 0 0
3705 0 0
3710 0 0
3715 0 0
3720 0 0
3725 0 0
3730 0 0
3735 0 0
3740 0 0
3745 0 0
3750 0 0
3755 0 0
3760 0 0
3765 0 0
3770 0 0
3775 0 0
3780 0 0
3785 0 0
3790 0 0
3795 0 0
3800 0 0
3805 0 0
3810 0 0
3815 0 0
3820 0 0
3825 0 0
3830 0 0
3835 0 0
3840 0 0
3845 0 0
3850 0 0
3855 0 0
3860 0 0
3865 0 0
3870 0 0
3875 0 0
3880 0 0
3885 0 0
3890 0 0
3895 0 0
3900 0 0
3905 0 0
3910 0 0
3915 0 0
3920 0 0
3925 0 0
3930 0 0
3935 0 0
3940 0 0
3945 0 0
3950 0 0
3955 0 0
3960 0 0
3965 0 0
3970 0 0
3975 0 0
3980 0 0
3985 0 0
3990 0 0
3995 0 0
4000 0 0
4005 0 0
4010 0 0
4015 0 0
4020 0 0
4025 0 0
4030 0 0
4035 0 0
4040 0 0
4045 0 0
4050 0 0
4055 0 0
4060 0 0
4065 0 0
4070 0 0
4075 0 0
4080 0 0
4085 0 0
4090 0 0
4095 0 0
4100 0 0
4105 0 0
4110 0 0
4115 0 0
4120 0 0
4125 0 0
4130 0 0
4135 0 0
4140 0 0
4145 0 0
4150 0 0
4155 0 0
4160 0 0
4165 0 0
4170 0 0
4175 0 0
4180 0 0
4185 0 0
4190 0 0
4195 0 0
4200 0 0
4205 0 0
4210 0 0
4215 0 0
4220 0 0
4225 0 0
4230 0 0
4235 0 0
4240 0 0
4245 0 0
4250 0 0
4255 0 0
4260 0 0
4265 0 0
4270 0 0
4275 0 0
4280 0 0
4285 0 0
4290 0 0
4295 0 0
4300 0 0
4305 0 0
4310 0 0
4315 0 0
4320 0 0
4325 0 0
4330 0 0
4335 0 0
4340 0 0
4345 0 0
4350 0 0
4355 0 0
4360 0 0
4365 0 0
4370 0 0
4375 0 0
4380 0 0
4385 0 0
4390 0 0
4395 0 0
4400 0 0
4405 0 0
4410 0 0
4415 0 0
4420 0 0
4425 0 0
4430 0 0
4435 0 0
4440 0 0
4445 0 0
4450 0 0
4455 0 0
4460 0 0
4465 0 0
4470 0 0
4475 0 0
4480 0 0
4485 0 0
4490 0 0
4495 0 0
4500 0 0
4505 0 0
4510 0 0
4515 0 0
4520 0 0
4525 0 0
4530 0 0
4535 0 0
4540 0 0
4545 0 0
4550 0 0
4555 0 0
4560 0 0
4565 0 0
4570 0 0
4575 0 0
4580 0 0
4585 0 0
4590 0 0
4595 0 0
4600 0 0
4605 0 0
4610 0 0
4615 0 0
4620 0 0
4625 0 0
4630 0 0
4635 0 0
4640 0 0
4645 0 0
4650 0 0
4655 0 0
4660 0 0
4665 0 0
4670 0 0
4675 0 0
4680 0 0
4685 0 0
4690 0 0
4695 0 0
4700 0 0
4705 0 0
4710 0 0
4715 0 0
4720 0 0
4725 0 0
4730 0 0
4735 0 0
4740 0 0
4745 0 0
4750 0 0
4755 0 0
4760 0 0
4765 0 0
4770 0 0
4775 0 0
4780 0 0
4785 0 0
4790 0 0
4795 0 0
4800 0 0
4805 0 0
4810 0 0
4815 0 0
4820 0 0
4825 0 0
4830 0 0
4835 0 0
4840 0 0
4845 0 0
4850 0 0
4855 0 0
4860 0 0
4865 0 0
4870 0 0
4875 0 0
4880 0 0
4885 0 0
4890 0 0
4895 0 0
4900 0 0
4905 0 0
4910 0 0
4915 0 0
4920 0 0
4925 0 0
4930 0 0
4935 0 0
4940 0 0
4945 0 0
4950 0 0
4955 0 0
4960 0 0
4965 0 0
4970 0 0
4975 0 0
4980 0 0
4985 0 0
4990 0 0
4995 0 0
5000 0 0
5005 0 0
5010 0 0
5015 0 0
5020 0 0
5025 0 0
5030 0 0
5035 0 0
5040 0 0
5045 0 0
5050 0 0
5055 0 0
5060 0 0
5065 0 0
5070 0 0
5075 0 0
5080 0 0
5085 0 0
5090 0 0
5095 0 0
5100 0 0
5105 0 0
5110 0 0
5115 0 0
5120 0 0
5125 0 0
5130 0 0
5135 0 0
5140 0 0
5145 0 0
5150 0 0
5155 0 0
5160 0 0
5165 0 0
5170 0 0
5175 0 0
5180 0 0
5185 0 0
5190 0 0
5195 0 0
5200 0 0
5205 0 0
5210 0 0
5215 0 0
5220 0 0
5225 0 0
5230 0 0
5235 0 0
5240 0 0
5245 0 0
5250 0 0
5255 0 0
5260 0 0
5265 0 0
5270 0 0
5275 0 0
5280 0 0
5285 0 0
5290 0 0
5295 0 0
5300 0 0
5305 0 0
5310 0 0
5315 0 0
5320 0 0
5325 0 0
5330 0 0
5335 0 0
5340 0 0
5345 0 0
5350 0 0
5355 0 0
5360 0 0
5365 0 0
5370 0 0
5375 0 0
5380 0 0
5385 0 0
5390 0 0
5395 0 0
5400 0 0
5405 0 0
5410 0 0
5415 0 0
5420 0 0
5425 0 0
5430 0 0
5435 0 0
5440 0 0
5445 0 0
5450 0 0
5455 0 0
5460 0 0
5465 0 0
5470 0 0
5475 0 0
5480 0 0
5485 0 0
5490 0 0
5495 0 0
5500 0 0
5505 0 0
5510 0 0
5515 0 0
5520 0 0
5525 0 0
5530 0 0
5535 0 0
5540 0 0
5545 0 0
5550 0 0
5555 0 0
5560 0 0
5565 0 0
5570 0 0
5575 0 0
5580 0 0
5585 0 0
5590 0 0
5595 0 0
5600 0 0
5605 0 0
5610 0 0
5615 0 0
5620 0 0
5625 0 0
5630 0 0
5635 0 0
5640 0 0
5645 0 0
5650 0 0
5655 0 0
5660 0 0
5665 0 0
5670 0 0
5675 0 0
5680 0 0
5685 0 0
5690 0 0
5695 0 0
5700 0 0
5705 0 0
5710 0 0
5715 0 0
5720 0 0
5725 0 0
5730 0 0
5735 0 0
5740 0 0
5745 0 0
5750 0 0
5755 0 0
5760 0 0
5765 0 0
5770 0 0
5775 0 0
5780 0 0
5785 0 0
5790 0 0
5795 0 0
5800 0 0
5805 0 0
5810 0 0
5815 0 0
5820 0 0
5825 0 0
5830 0 0
5835 0 0
5840 0 0
5845 0 0
5850 0 0
5855 0 0
5860 0 0
5865 0 0
5870 0 0
5875 0 0
5880 0 0
5885 0 0
5890 0 0
5895 0 0
5900 0 0
5905 0 0
5910 0 0
5915 0 0
5920 0 0
5925 0 0
5930 0 0
5935 0 0
5940 0 0
5945 0 0
5950 0 0
5955 0 0
5960 0 0
5965 0 0
5970 0 0
5975 0 0
5980 0 0
5985 0 0
5990 0 0
5995 0 0
6000 0 0
6005 0 0
6010 0 0
6015 0 0
6020 0 0
6025 0 0
6030 0 0
6035 0 0
6040 0 0
6045 0 0
6050 0 0
6055 0 0
6060 0 0
6065 0 0
6070 0 0
6075 0 0
6080 0 0
6085 0 0
6090 0 0
6095 0 0
6100 0 0
6105 0 0
6110 0 0
6115 0 0
6120 0 0
6125 0 0
6130 0 0
6135 0 0
6140 0 0
6145 0 0
6150 0 0
6155 0 0
6160 0 0
6165 0 0
6170 0 0
6175 0 0
6180 0 0
6185 0 0
6190 0 0
6195 0 0
6200 0 0
6205 0 0
6210 0 0
6215 0 0
6220 0 0
6225 0 0
6230 0 0
6235 0 0
6240 0 0
6245 0 0
6250 0 0
6255 0 0
6260 0 0
6265 0 0
6270 0 0
6275 0 0
6280 0 0
6285 0 0
6290 0 0
6295 0 0
6300 0 0
6305 0 0
6310 0 0
6315 0 0
6320 0 0
6325 0 0
6330 0 0
6335 0 0
6340 0 0
6345 0 0
6350 0 0
6355 0 0
6360 0 0
6365 0 0
6370 0 0
6375 0 0
6380 0 0
6385 0 0
6390 0 0
6395 0 0
6400 0 0
6405 0 0
6410 0 0
6415 0 0
6420 0 0
6425 0 0
6430 0 0
6435 0 0
6440 0 0
6445 0 0
6450 0 0
6455 0 0
6460 0 0
6465 0 0
6470 0 0
6475 0 0
6480 0 0
6485 0 0
6490 0 0
6495 0 0
6500 0 0
6505 0 0
6510 0 0
6515 0 0
6520 0 0
6525 0 0
6530 0 0
6535 0 0
6540 0 0
6545 0 0
6550 0 0
6555 0 0
6560 0 0
6565 0 0
6570 0 0
6575 0 0
6580 0 0
6585 0 0
6590 0 0
6595 0 0
6600 0 0
6605 0 0
6610 0 0
6615 0 0
6620 0 0
6625 0 0
6630 0 0
6635 0 0
6640 0 0
6645 0 0
6650 0 0
6655 0 0
6660 0 0
6665 0 0
6670 0 0
6675 0 0
6680 0 0
6685 0 0
6690 0 0
6695 0 0
6700 0 0
6705 0 0
6710 0 0
6715 0 0
6720 0 0
6725 0 0
6730 0 0
6735 0 0
6740 0 0
6745 0 0
6750 0 0
6755 0 0
6760 0 0
6765 0 0
6770 0 0
6775 0 0
6780 0 0
6785 0 0
6790 0 0
6795 0 0
6800 0 0
6805 0 0
6810 0 0
6815 0 0
6820 0 0
6825 0 0
6830 0 0
6835 0 0
6840 0 0
6845 0 0
6850 0 0
6855 0 0
6860 0 0
6865 0 0
6870 0 0
6875 0 0
6880 0 0
6885 0 0
6890 0 0
6895 0 0
6900 0 0
6905 0 0
6910 0 0
6915 0 0
6920 0 0
6925 0 0
6930 0 0
6935 0 0
6940 0 0
6945 0 0
6950 0 0
6955 0 0
6960 0 0
6965 0 0
6970 0 0
6975 0 0
6980 0 0
6985 0 0
6990 0 0
6995 0 0
7000 0 0
7005 0 0
7010 0 0
7015 0 0
7020 0 0
7025 0 0
7030 0 0
7035 0 0
7040 0 0
7045 0 0
7050 0 0
7055 0 0
7060 0 0
7065 0 0
7070 0 0
7075 0 0
7080 0 0
7085 0 0
7090 0 0
7095 0 0
7100 0 0
7105 0 0
7110 0 0
7115 0 0
7120 0 0
7125 0 0
7130 0 0
7135 0 0
7140 0 0
7145 0 0
7150 0 0
7155 0 0
7160 0 0
7165 0 0
7170 0 0
7175 0 0
7180 0 0
7185 0 0
7190 0 0
7195 0 0
7200 0 0
7205 0 0
7210 0 0
7215 0 0
7220 0 0
7225 0 0
7230 0 0
7235 0 0
7240 0 0
7245 0 0
7250 0 0
7255 0 0
7260 0 0
7265 0 0
7270 0 0
7275 0 0
7280 0 0
7285 0 0
7290 0 0
7295 0 0
7300 0 0
7305 0 0
7310 0 0
7315 0 0
7320 0 0
7325 0 0
7330 0 0
7335 0 0
7340 0 0
7345 0 0
7350 0 0
7355 0 0
7360 0 0
7365 0 0
7370 0 0
7375 0 0
7380 0 0
7385 0 0
7390 0 0
7395 0 0
7400 0 0
7405 0 0
7410 0 0
7415 0 0
7420 0 0
7425 0 0
7430 0 0
7435 0 0
7440 0 0
7445 0 0
7450 0 0
7455 0 0
7460 0 0
7465 0 0
7470 0 0
7475 0 0
7480 0 0
7485 0 0
7490 0 0
7495 0 0
7500 0 0
7505 0 0
7510 0 0
7515 0 0
7520 0 0
7525 0 0
7530 0 0
7535 0 0
7540 0 0
7545 0 0
7550 0 0
7555 0 0
7560 0 0
7565 0 0
7570 0 0
7575 0 0
7580 0 0
7585 0 0
7590 0 0
7595 0 0
7600 0 0
7605 0 0
7610 0 0
7615 0 0
7620 0 0
7625 0 0
7630 0 0
7635 0 0
7640 0 0
7645 0 0
7650 0 0
7655 0 0
7660 0 0
7665 0 0
7670 0 0
7675 0 0
7680 0 0
7685 0 0
7690 0 0
7695 0 0
7700 0 0
7705 0 0
7710 0 0
7715 0 0
7720 0 0
7725 0 0
7730 0 0
7735 0 0
7740 0 0
7745 0 0
7750 0 0
7755 0 0
7760 0 0
7765 0 0
7770 0 0
7775 0 0
7780 0 0
7785 0 0
7790 0 0
7795 0 0
7800 0 0
7805 0 0
7810 0 0
7815 0 0
7820 0 0
7825 0 0
7830 0 0
7835 0 0
7840 0 0
7845 0 0
7850 0 0
7855 0 0
7860 0 0
7865 0 0
7870 0 0
7875 0 0
7880 0 0
7885 0 0
7890 0 0
7895 0 0
7900 0 0
7905 0 0
7910 0 0
7915 0 0
7920 0 0
7925 0 0
7930 0 0
7935 0 0
7940 0 0
7945 0 0
7950 0 0
7955 0 0
7960 0 0
7965 0 0
7970 0 0
7975 0 0
7980 0 0
7985 0 0
7990 0 0
7995 0 0
8000 0 0
8005 0 0
8010 0 0
8015 0 0
8020 0 0
8025 0 0
8030 0 0
8035 0 0
8040 0 0
8045 0 0
8050 0 0
8055 0 0
8060 0 0
8065 0 0
8070 0 0
8075 0 0
8080 0 0
8085 0 0
8090 0 0
8095 0 0
8100 0 0
8105 0 0
8110 0 0
8115 0 0
8120 0 0
8125 0 0
8130 0 0
8135 0 0
8140 0 0
8145 0 0
8150 0 0
8155 0 0
8160 0 0
8165 0 0
8170 0 0
8175 0 0
8180 0 0
8185 0 0
8190 0 0
8195 0 0
8200 0 0
8205 0 0
8210 0 0
8215 0 0
8220 0 0
8225 0 0
8230 0 0
8235 0 0
8240 0 0
8245 0 0
8250 0 0
8255 0 0
8260 0 0
8265 0 0
8270 0 0
8275 0 0
8280 0 0
8285 0 0
8290 0 0
8295 0 0
8300 0 0
8305 0 0
8310 0 0
8315 0 0
8320 0 0
8325 0 0
8330 0 0
8335 0 0
8340 0 0
8345 0 0
8350 0 0
8355 0 0
8360 0 0
8365 0 0
8370 0 0
8375 0 0
8380 0 0
8385 0 0
8390 0 0
8395 0 0
8400 0 0
8405 0 0
8410 0 0
8415 0 0
8420 0 0
8425 0 0
8430 0 0
8435 0 0
8440 0 0
8445 0 0
8450 0 0
8455 0 0
8460 0 0
8465 0 0
8470 0 0
8475 0 0
8480 0 0
8485 0 0
8490 0 0
8495 0 0
8500 0 0
8505 0 0
8510 0 0
8515 0 0
8520 0 0
8525 0 0
8530 0 0
8535 0 0
8540 0 0
8545 0 0
8550 0 0
8555 0 0
8560 0 0
8565 0 0
8570 0 0
8575 0 0
8580 0 0
8585 0 0
8590 0 0
8595 0 0
8600 0 0
8605 0 0
8610 0 0
8615 0 0
8620 0 0
8625 0 0
8630 0 0
8635 0 0
8640 0 0
8645 0 0
8650 0 0
8655 0 0
8660 0 0
8665 0 0
8670 0 0
8675 0 0
8680 0 0
8685 0 0
8690 0 0
8695 0 0
8700 0 0
8705 0 0
8710 0 0
8715 0 0
8720 0 0
8725 0 0
8730 0 0
8735 0 0
8740 0 0
8745 0 0
8750 0 0
8755 0 0
8760 0 0
8765 0 0
8770 0 0
8775 0 0
8780 0 0
8785 0 0
8790 0 0
8795 0 0
8800 0 0
8805 0 0
8810 0 0
8815 0 0
8820 0 0
8825 0 0
8830 0 0
8835 0 0
8840 0 0
8845 0 0
8850 0 0
8855 0 0
8860 0 0
8865 0 0
8870 0 0
8875 0 0
8880 0 0
8885 0 0
8890 0 0
8895 0 0
8900 0 0
8905 0 0
8910 0 0
8915 0 0
8920 0 0
8925 0 0
8930 0 0
8935 0 0
8940 0 0
8945 0 0
8950 0 0
8955 0 0
8960 0 0
8965 0 0
8970 0 0
8975 0 0
8980 0 0
8985 0 0
8990 0 0
8995 0 0
9000 0 0
9005 0 0
9010 0 0
9015 0 0
9020 0 0
9025 0 0
9030 0 0
9035 0 0
9040 0 0
9045 0 0
9050 0 0
9055 0 0
9060 0 0
9065 0 0
9070 0 0
9075 0 0
9080 0 0
9085 0 0
9090 0 0
9095 0 0
9100 0 0
9105 0 0
9110 0 0
9115 0 0
9120 0 0
9125 0 0
9130 0 0
9135 0 0
9140 0 0
9145 0 0
9150 0 0
9155 0 0
9160 0 0
9165 0 0
9170 0 0
9175 0 0
9180 0 0
9185 0 0
9190 0 0
9195 0 0
9200 0 0
9205 0 0
9210 0 0
9215 0 0
9220 0 0
9225 0 0
9230 0 0
9235 0 0
9240 0 0
9245 0 0
9250 0 0
9255 0 0
9260 0 0
9265 0 0
9270 0 0
9275 0 0
9280 0 0
9285 0 0
9290 0 0
9295 0 0
9300 0 0
9305 0 0
9310 0 0
9315 0 0
9320 0 0
9325 0 0
9330 0 0
9335 0 0
9340 0 0
9345 0 0
9350 0 0
9355 0 0
9360 0 0
9365 0 0
9370 0 0
9375 0 0
9380 0 0
9385 0 0
9390 0 0
9395 0 0
9400 0 0
9405 0 0
9410 0 0
9415 0 0
9420 0 0
9425 0 0
9430 0 0
9435 0 0
9440 0 0
9445 0 0
9450 0 0
9455 0 0
9460 0 0
9465 0 0
9470 0 0
9475 0 0
9480 0 0
9485 0 0
9490 0 0
9495 0 0
9500 0 0
9505 0 0
9510 0 0
9515 0 0
9520 0 0
9525 0 0
9530 0 0
9535 0 0
9540 0 0
9545 0 0
9550 0 0
9555 0 0
9560 0 0
9565 0 0
9570 0 0
9575 0 0
9580 0 0
9585 0 0
9590 0 0
9595 0 0
9600 0 0
9605 0 0
9610 0 0
9615 0 0
9620 0 0
9625 0 0
9630 0 0
9635 0 0
9640 0 0
9645 0 0
9650 0 0
9655 0 0
9660 0 0
9665 0 0
9670 0 0
9675 0 0
9680 0 0
9685 0 0
9690 0 0
9695 0 0
9700 0 0
9705 0 0
9710 0 0
9715 0 0
9720 0 0
9725 0 0
9730 0 0
9735 0 0
9740 0 0
9745 0 0
9750 0 0
9755 0 0
9760 0 0
9765 0 0
9770 0 0
9775 0 0
9780 0 0
9785 0 0
9790 0 0
9795 0 0
9800 0 0
9805 0 0
9810 0 0
9815 0 0
9820 0 0
9825 0 0
9830 0 0
9835 0 0
9840 0 0
9845 0 0
9850 0 0
9855 0 0
9860 0 0
9865 0 0
9870 0 0
9875 0 0
9880 0 0
9885 0 0
9890 0 0
9895 0 0
9900 0 0
9905 0 0
9910 0 0
9915 0 0
9920 0 0
9925 0 0
9930 0 0
9935 0 0
9940 0 0
9945 0 0
9950 0 0
9955 0 0
9960 0 0
9965 0 0
9970 0 0
9975 0 0
9980 0 0
9985 0 0
9990 0 0
9995 0 0
10000 0 0
