200 755 48
205 670 43
210 597 38
215 533 34
220 476 30
225 427 27
230 383 24
235 344 22
240 310 20
245 280 18
250 253 16
255 229 14
260 208 13
265 189 12
270 172 11
275 157 10
280 143 9
285 131 8
290 119 7
295 109 7
300 100 6
305 92 6
310 84 5
315 77 5
320 71 4
325 66 4
330 60 4
335 56 3
340 52 3
345 48 3
350 44 3
355 41 2
360 38 2
365 35 2
370 33 2
375 30 2
380 28 1
385 26 1
390 24 1
395 23 1
400 21 1
405 20 1
410 18 1
415 17 1
420 16 1
425 15 1
430 14 1
435 13 0
440 12 0
445 11 0
450 11 0
455 10 0
460 9 0
465 9 0
470 8 0
475 8 0
480 7 0
485 7 0
490 6 0
495 6 0
500 6 0
505 5 0
510 5 0
515 5 0
520 4 0
525 4 0
530 4 0
535 4 0
540 3 0
545 3 0
550 3 0
555 3 0
560 3 0
565 2 0
570 2 0
575 2 0
580 2 0
585 2 0
590 2 0
595 2 0
600 2 0
605 1 0
610 1 0
615 1 0
620 1 0
625 1 0
630 1 0
635 1 0
640 1 0
645 1 0
650 1 0
655 1 0
660 1 0
665 1 0
670 1 0
675 0 0
680 0 0
685 0 0
690 0 0
695 0 0
700 0 0
705 0 0
710 0 0
715 0 0
720 0 0
725 0 0
730 0 0
735 0 0
740 0 0
745 0 0
750 0 0
755 0 0
760 0 0
765 0 0
770 0 0
775 0 0
780 0 0
785 0 0
790 0 0
795 0 0
800 0 0
805 0 0
810 0 0
815 0 0
820 0 0
825 0 0
830 0 0
835 0 0
840 0 0
845 0 0
850 0 0
855 0 0
860 0 0
865 0 0
870 0 0
875 0 0
880 0 0
885 0 0
890 0 0
895 0 0
900 0 0
905 0 0
910 0 0
915 0 0
920 0 0
925 0 0
930 0 0
935 0 0
940 0 0
945 0 0
950 0 0
955 0 0
960 0 0
965 0 0
970 0 0
975 0 0
980 0 0
985 0 0
990 0 0
995 0 0
1000 0 0
1005 0 0
1010 0 0
1015 0 0
1020 0 0
1025 0 0
1030 0 0
1035 0 0
1040 0 0
1045 0 0
1050 0 0
1055 0 0
1060 0 0
1065 0 0
1070 0 0
1075 0 0
1080 0 0
1085 0 0
1090 0 0
1095 0 0
1100 0 0
1105 0 0
1110 0 0
1115 0 0
1120 0 0
1125 0 0
1130 0 0
1135 0 0
1140 0 0
1145 0 0
1150 0 0
1155 0 0
1160 0 0
1165 0 0
1170 0 0
1175 0 0
1180 0 0
1185 0 0
1190 0 0
1195 0 0
1200 0 0
1205 0 0
1210 0 0
1215 0 0
1220 0 0
1225 0 0
1230 0 0
1235 0 0
1240 0 0
1245 0 0
1250 0 0
1255 0 0
1260 0 0
1265 0 0
1270 0 0
1275 0 0
1280 0 0
1285 0 0
1290 0 0
1295 0 0
1300 0 0
1305 0 0
1310 0 0
1315 0 0
1320 0 0
1325 0 0
1330 0 0
1335 0 0
1340 0 0
1345 0 0
1350 0 0
1355 0 0
1360 0 0
1365 0 0
1370 0 0
1375 0 0
1380 0 0
1385 0 0
1390 0 0
1395 0 0
1400 0 0
1405 0 0
1410 0 0
1415 0 0
1420 0 0
1425 0 0
1430 0 0
1435 0 0
1440 0 0
1445 0 0
1450 0 0
1455 0 0
1460 0 0
1465 0 0
1470 0 0
1475 0 0
1480 0 0
1485 0 0
1490 0 0
1495 0 0
1500 0 0
1505 0 0
1510 0 0
1515 0 0
1520 0 0
1525 0 0
1530 0 0
1535 0 0
1540 0 0
1545 0 0
1550 0 0
1555 0 0
1560 0 0
1565 0 0
1570 0 0
1575 0 0
1580 0 0
1585 0 0
1590 0 0
1595 0 0
1600 0 0
1605 0 0
1610 0 0
1615 0 0
1620 0 0
1625 0 0
1630 0 0
1635 0 0
1640 0 0
1645 0 0
1650 0 0
1655 0 0
1660 0 0
1665 0 0
1670 0 0
1675 0 0
1680 0 0
1685 0 0
1690 0 0
1695 0 0
1700 0 0
1705 0 0
1710 0 0
1715 0 0
1720 0 0
1725 0 0
1730 0 0
1735 0 0
1740 0 0
1745 0 0
1750 0 0
1755 0 0
1760 0 0
1765 0 0
1770 0 0
1775 0 0
1780 0 0
1785 0 0
1790 0 0
1795 0 0
1800 0 0
1805 0 0
1810 0 0
1815 0 0
1820 0 0
1825 0 0
1830 0 0
1835 0 0
1840 0 0
1845 0 0
1850 0 0
1855 0 0
1860 0 0
1865 0 0
1870 0 0
1875 0 0
1880 0 0
1885 0 0
1890 0 0
1895 0 0
1900 0 0
1905 0 0
1910 0 0
1915 0 0
1920 0 0
1925 0 0
1930 0 0
1935 0 0
1940 0 0
1945 0 0
1950 0 0
1955 0 0
1960 0 0
1965 0 0
1970 0 0
1975 0 0
1980 0 0
1985 0 0
1990 0 0
1995 0 0
2000 0 0
2005 0 0
2010 0 0
2015 0 0
2020 0 0
2025 0 0
2030 0 0
2035 0 0
2040 0 0
2045 0 0
2050 0 0
2055 0 0
2060 0 0
2065 0 0
2070 0 0
2075 0 0
2080 0 0
2085 0 0
2090 0 0
2095 0 0
2100 0 0
2105 0 0
2110 0 0
2115 0 0
2120 0 0
2125 0 0
2130 0 0
2135 0 0
2140 0 0
2145 0 0
2150 0 0
2155 0 0
2160 0 0
2165 0 0
2170 0 0
2175 0 0
2180 0 0
2185 0 0
2190 0 0
2195 0 0
2200 0 0
2205 0 0
2210 0 0
2215 0 0
2220 0 0
2225 0 0
2230 0 0
2235 0 0
2240 0 0
2245 0 0
2250 0 0
2255 0 0
2260 0 0
2265 0 0
2270 0 0
2275 0 0
2280 0 0
2285 0 0
2290 0 0
2295 0 0
2300 0 0
2305 0 0
2310 0 0
2315 0 0
2320 0 0
2325 0 0
2330 0 0
2335 0 0
2340 0 0
2345 0 0
2350 0 0
2355 0 0
2360 0 0
2365 0 0
2370 0 0
2375 0 0
2380 0 0
2385 0 0
2390 0 0
2395 0 0
2400 0 0
2405 0 0
2410 0 0
2415 0 0
2420 0 0
2425 0 0
2430 0 0
2435 0 0
2440 0 0
2445 0 0
2450 0 0
2455 0 0
2460 0 0
2465 0 0
2470 0 0
2475 0 0
2480 0 0
2485 0 0
2490 0 0
2495 0 0
2500 0 0
2505 0 0
2510 0 0
2515 0 0
2520 0 0
2525 0 0
2530 0 0
2535 0 0
2540 0 0
2545 0 0
2550 0 0
2555 0 0
2560 0 0
2565 0 0
2570 0 0
2575 0 0
2580 0 0
2585 0 0
2590 0 0
2595 0 0
2600 0 0
2605 0 0
2610 0 0
2615 0 0
2620 0 0
2625 0 0
2630 0 0
2635 0 0
2640 0 0
2645 0 0
2650 0 0
2655 0 0
2660 0 0
2665 0 0
2670 0 0
2675 0 0
2680 0 0
2685 0 0
2690 0 0
2695 0 0
2700 0 0
2705 0 0
2710 0 0
2715 0 0
2720 0 0
2725 0 0
2730 0 0
2735 0 0
2740 0 0
2745 0 0
2750 0 0
2755 0 0
2760 0 0
2765 0 0
2770 0 0
2775 0 0
2780 0 0
2785 0 0
2790 0 0
2795 0 0
2800 0 0
2805 0 0
2810 0 0
2815 0 0
2820 0 0
2825 0 0
2830 0 0
2835 0 0
2840 0 0
2845 0 0
2850 0 0
2855 0 0
2860 0 0
2865 0 0
2870 0 0
2875 0 0
2880 0 0
2885 0 0
2890 0 0
2895 0 0
2900 0 0
2905 0 0
2910 0 0
2915 0 0
2920 0 0
2925 0 0
2930 0 0
2935 0 0
2940 0 0
2945 0 0
2950 0 0
2955 0 0
2960 0 0
2965 0 0
2970 0 0
2975 0 0
2980 0 0
2985 0 0
2990 0 0
2995 0 0
3000 0 0
