100 22500 771
125 9940 344
150 5120 182
175 2910 108
200 1780 70
225 1150 48
250 769 34
275 533 24
300 379 18
325 276 14
350 205 10
375 155 8
400 118 6
425 91 5
450 71 4
475 56 3
500 45 2
525 36 2
550 29 2
575 23 1
600 19 1
625 16 1
650 13 1
675 11 0
700 9 0
725 7 0
750 6 0
775 5 0
800 4 0
825 3 0
850 3 0
875 2 0
900 2 0
925 2 0
950 1 0
975 1 0
1000 1 0
1025 1 0
1050 0 0
1075 0 0
1100 0 0
1125 0 0
1150 0 0
1175 0 0
1200 0 0
1225 0 0
1250 0 0
1275 0 0
1300 0 0
1325 0 0
1350 0 0
1375 0 0
1400 0 0
1425 0 0
1450 0 0
1475 0 0
1500 0 0
1525 0 0
1550 0 0
1575 0 0
1600 0 0
1625 0 0
1650 0 0
1675 0 0
1700 0 0
1725 0 0
1750 0 0
1775 0 0
1800 0 0
1825 0 0
1850 0 0
1875 0 0
1900 0 0
1925 0 0
1950 0 0
1975 0 0
2000 0 0
