100 8580 317
125 3690 136
150 1850 72
175 1030 43
200 617 27
225 390 18
250 257 13
275 175 9
300 122 7
325 87 5
350 64 4
375 47 3
400 35 2
425 27 2
450 21 1
475 16 1
500 12 1
525 10 0
550 8 0
575 6 0
600 5 0
625 4 0
650 3 0
675 2 0
700 2 0
725 2 0
750 1 0
775 1 0
800 1 0
825 0 0
850 0 0
875 0 0
900 0 0
925 0 0
950 0 0
975 0 0
1000 0 0
1025 0 0
1050 0 0
1075 0 0
1100 0 0
1125 0 0
1150 0 0
1175 0 0
1200 0 0
1225 0 0
1250 0 0
1275 0 0
1300 0 0
1325 0 0
1350 0 0
1375 0 0
1400 0 0
1425 0 0
1450 0 0
1475 0 0
1500 0 0
1525 0 0
1550 0 0
1575 0 0
1600 0 0
1625 0 0
1650 0 0
1675 0 0
1700 0 0
1725 0 0
1750 0 0
1775 0 0
1800 0 0
1825 0 0
1850 0 0
1875 0 0
1900 0 0
1925 0 0
1950 0 0
1975 0 0
2000 0 0
