100 11500 346
125 5000 151
150 2560 80
175 1450 48
200 880 31
225 564 21
250 377 14
275 260 10
300 184 7
325 134 6
350 98 4
375 74 3
400 56 2
425 43 2
450 34 1
475 26 1
500 21 1
525 17 1
550 13 0
575 11 0
600 9 0
625 7 0
650 6 0
675 5 0
700 4 0
725 3 0
750 2 0
775 2 0
800 2 0
825 1 0
850 1 0
875 1 0
900 1 0
925 0 0
950 0 0
975 0 0
1000 0 0
1025 0 0
1050 0 0
1075 0 0
1100 0 0
1125 0 0
1150 0 0
1175 0 0
1200 0 0
1225 0 0
1250 0 0
1275 0 0
1300 0 0
1325 0 0
1350 0 0
1375 0 0
1400 0 0
1425 0 0
1450 0 0
1475 0 0
1500 0 0
1525 0 0
1550 0 0
1575 0 0
1600 0 0
1625 0 0
1650 0 0
1675 0 0
1700 0 0
1725 0 0
1750 0 0
1775 0 0
1800 0 0
1825 0 0
1850 0 0
1875 0 0
1900 0 0
1925 0 0
1950 0 0
1975 0 0
2000 0 0
