100 11600 518
125 5090 249
150 2610 138
175 1480 83
200 903 53
225 580 36
250 388 25
275 268 18
300 190 13
325 138 10
350 102 7
375 76 6
400 58 4
425 45 3
450 35 2
475 27 2
500 22 1
525 17 1
550 14 1
575 11 1
600 9 0
625 7 0
650 6 0
675 5 0
700 4 0
725 3 0
750 3 0
775 2 0
800 2 0
825 1 0
850 1 0
875 1 0
900 1 0
925 0 0
950 0 0
975 0 0
1000 0 0
1025 0 0
1050 0 0
1075 0 0
1100 0 0
1125 0 0
1150 0 0
1175 0 0
1200 0 0
1225 0 0
1250 0 0
1275 0 0
1300 0 0
1325 0 0
1350 0 0
1375 0 0
1400 0 0
1425 0 0
1450 0 0
1475 0 0
1500 0 0
1525 0 0
1550 0 0
1575 0 0
1600 0 0
1625 0 0
1650 0 0
1675 0 0
1700 0 0
1725 0 0
1750 0 0
1775 0 0
1800 0 0
1825 0 0
1850 0 0
1875 0 0
1900 0 0
1925 0 0
1950 0 0
1975 0 0
2000 0 0
