80 7930 341
100 3290 111
125 1480 49
150 772 27
175 445 16
200 275 10
225 179 7
250 121 5
275 84 3
300 60 2
325 44 2
350 33 1
375 25 1
400 19 1
425 15 0
450 11 0
475 9 0
500 7 0
525 6 0
550 4 0
575 4 0
600 3 0
625 2 0
650 2 0
675 1 0
700 1 0
725 1 0
750 1 0
775 0 0
800 0 0
825 0 0
850 0 0
875 0 0
900 0 0
925 0 0
950 0 0
975 0 0
1000 0 0
1025 0 0
1050 0 0
1075 0 0
1100 0 0
1125 0 0
1150 0 0
1175 0 0
1200 0 0
1225 0 0
1250 0 0
1275 0 0
1300 0 0
1325 0 0
1350 0 0
1375 0 0
1400 0 0
1425 0 0
1450 0 0
1475 0 0
1500 0 0
