80 6680 301
100 2880 126
125 1320 62
150 690 34
175 397 21
200 244 13
225 158 9
250 106 6
275 73 4
300 52 3
325 38 2
350 28 2
375 21 1
400 16 1
425 12 1
450 9 0
475 7 0
500 6 0
525 4 0
550 4 0
575 3 0
600 2 0
625 2 0
650 1 0
675 1 0
700 1 0
725 1 0
750 0 0
775 0 0
800 0 0
825 0 0
850 0 0
875 0 0
900 0 0
925 0 0
950 0 0
975 0 0
1000 0 0
1025 0 0
1050 0 0
1075 0 0
1100 0 0
1125 0 0
1150 0 0
1175 0 0
1200 0 0
1225 0 0
1250 0 0
1275 0 0
1300 0 0
1325 0 0
1350 0 0
1375 0 0
1400 0 0
1425 0 0
1450 0 0
1475 0 0
1500 0 0
