80 6660 277
100 2850 89
125 1290 40
150 677 21
175 389 13
200 239 8
225 154 6
250 104 4
275 71 3
300 51 2
325 37 1
350 27 1
375 20 1
400 15 0
425 12 0
450 9 0
475 7 0
500 5 0
525 4 0
550 3 0
575 3 0
600 2 0
625 2 0
650 1 0
675 1 0
700 1 0
725 1 0
750 0 0
775 0 0
800 0 0
825 0 0
850 0 0
875 0 0
900 0 0
925 0 0
950 0 0
975 0 0
1000 0 0
1025 0 0
1050 0 0
1075 0 0
1100 0 0
1125 0 0
1150 0 0
1175 0 0
1200 0 0
1225 0 0
1250 0 0
1275 0 0
1300 0 0
1325 0 0
1350 0 0
1375 0 0
1400 0 0
1425 0 0
1450 0 0
1475 0 0
1500 0 0
