100 22800 843
125 10100 360
150 5240 190
175 3000 112
200 1840 72
225 1190 48
250 798 33
275 555 24
300 396 17
325 289 13
350 215 10
375 162 8
400 124 6
425 96 5
450 75 4
475 59 3
500 47 2
525 38 2
550 31 1
575 25 1
600 20 1
625 17 1
650 14 0
675 11 0
700 9 0
725 8 0
750 6 0
775 5 0
800 4 0
825 4 0
850 3 0
875 3 0
900 2 0
925 2 0
950 1 0
975 1 0
1000 1 0
1025 1 0
1050 1 0
1075 0 0
1100 0 0
1125 0 0
1150 0 0
1175 0 0
1200 0 0
1225 0 0
1250 0 0
1275 0 0
1300 0 0
1325 0 0
1350 0 0
1375 0 0
1400 0 0
1425 0 0
1450 0 0
1475 0 0
1500 0 0
1525 0 0
1550 0 0
1575 0 0
1600 0 0
1625 0 0
1650 0 0
1675 0 0
1700 0 0
1725 0 0
1750 0 0
1775 0 0
1800 0 0
1825 0 0
1850 0 0
1875 0 0
1900 0 0
1925 0 0
1950 0 0
1975 0 0
2000 0 0
