100 13900 501
125 6260 215
150 3290 116
175 1900 69
200 1180 45
225 771 29
250 524 21
275 367 15
300 265 11
325 195 8
350 146 6
375 111 5
400 85 4
425 66 3
450 52 2
475 42 2
500 33 1
525 27 1
550 22 1
575 18 1
600 15 0
625 12 0
650 10 0
675 8 0
700 7 0
725 6 0
750 5 0
775 4 0
800 3 0
825 3 0
850 2 0
875 2 0
900 1 0
925 1 0
950 1 0
975 1 0
1000 1 0
1025 0 0
1050 0 0
1075 0 0
1100 0 0
1125 0 0
1150 0 0
1175 0 0
1200 0 0
1225 0 0
1250 0 0
1275 0 0
1300 0 0
1325 0 0
1350 0 0
1375 0 0
1400 0 0
1425 0 0
1450 0 0
1475 0 0
1500 0 0
1525 0 0
1550 0 0
1575 0 0
1600 0 0
1625 0 0
1650 0 0
1675 0 0
1700 0 0
1725 0 0
1750 0 0
1775 0 0
1800 0 0
1825 0 0
1850 0 0
1875 0 0
1900 0 0
1925 0 0
1950 0 0
1975 0 0
2000 0 0
