100 13900 458
125 6250 209
150 3260 113
175 1880 68
200 1160 44
225 756 30
250 512 21
275 358 15
300 257 11
325 189 9
350 141 7
375 107 5
400 82 4
425 64 3
450 50 2
475 40 2
500 32 1
525 26 1
550 21 1
575 17 1
600 14 0
625 11 0
650 9 0
675 8 0
700 6 0
725 5 0
750 4 0
775 4 0
800 3 0
825 2 0
850 2 0
875 2 0
900 1 0
925 1 0
950 1 0
975 1 0
1000 0 0
1025 0 0
1050 0 0
1075 0 0
1100 0 0
1125 0 0
1150 0 0
1175 0 0
1200 0 0
1225 0 0
1250 0 0
1275 0 0
1300 0 0
1325 0 0
1350 0 0
1375 0 0
1400 0 0
1425 0 0
1450 0 0
1475 0 0
1500 0 0
1525 0 0
1550 0 0
1575 0 0
1600 0 0
1625 0 0
1650 0 0
1675 0 0
1700 0 0
1725 0 0
1750 0 0
1775 0 0
1800 0 0
1825 0 0
1850 0 0
1875 0 0
1900 0 0
1925 0 0
1950 0 0
1975 0 0
2000 0 0
