100 22700 976
125 10000 455
150 5180 253
175 2950 154
200 1810 101
225 1170 69
250 782 48
275 543 35
300 387 26
325 282 20
350 209 15
375 158 12
400 121 9
425 93 7
450 73 6
475 58 5
500 46 4
525 37 3
550 30 2
575 24 2
600 20 2
625 16 1
650 13 1
675 11 1
700 9 1
725 7 0
750 6 0
775 5 0
800 4 0
825 4 0
850 3 0
875 2 0
900 2 0
925 2 0
950 1 0
975 1 0
1000 1 0
1025 1 0
1050 0 0
1075 0 0
1100 0 0
1125 0 0
1150 0 0
1175 0 0
1200 0 0
1225 0 0
1250 0 0
1275 0 0
1300 0 0
1325 0 0
1350 0 0
1375 0 0
1400 0 0
1425 0 0
1450 0 0
1475 0 0
1500 0 0
1525 0 0
1550 0 0
1575 0 0
1600 0 0
1625 0 0
1650 0 0
1675 0 0
1700 0 0
1725 0 0
1750 0 0
1775 0 0
1800 0 0
1825 0 0
1850 0 0
1875 0 0
1900 0 0
1925 0 0
1950 0 0
1975 0 0
2000 0 0
