80 13000 570
100 5320 185
125 2350 81
150 1210 43
175 689 25
200 421 17
225 271 11
250 182 8
275 126 5
300 89 4
325 65 3
350 48 2
375 36 2
400 27 1
425 21 1
450 16 1
475 13 0
500 10 0
525 8 0
550 6 0
575 5 0
600 4 0
625 3 0
650 3 0
675 2 0
700 2 0
725 1 0
750 1 0
775 1 0
800 1 0
825 0 0
850 0 0
875 0 0
900 0 0
925 0 0
950 0 0
975 0 0
1000 0 0
1025 0 0
1050 0 0
1075 0 0
1100 0 0
1125 0 0
1150 0 0
1175 0 0
1200 0 0
1225 0 0
1250 0 0
1275 0 0
1300 0 0
1325 0 0
1350 0 0
1375 0 0
1400 0 0
1425 0 0
1450 0 0
1475 0 0
1500 0 0
