100 11700 407
125 5170 174
150 2660 89
175 1510 52
200 924 32
225 594 21
250 398 14
275 276 10
300 196 7
325 142 5
350 105 4
375 79 3
400 60 2
425 46 2
450 36 1
475 28 1
500 22 1
525 18 0
550 14 0
575 12 0
600 9 0
625 8 0
650 6 0
675 5 0
700 4 0
725 3 0
750 3 0
775 2 0
800 2 0
825 1 0
850 1 0
875 1 0
900 1 0
925 1 0
950 0 0
975 0 0
1000 0 0
1025 0 0
1050 0 0
1075 0 0
1100 0 0
1125 0 0
1150 0 0
1175 0 0
1200 0 0
1225 0 0
1250 0 0
1275 0 0
1300 0 0
1325 0 0
1350 0 0
1375 0 0
1400 0 0
1425 0 0
1450 0 0
1475 0 0
1500 0 0
1525 0 0
1550 0 0
1575 0 0
1600 0 0
1625 0 0
1650 0 0
1675 0 0
1700 0 0
1725 0 0
1750 0 0
1775 0 0
1800 0 0
1825 0 0
1850 0 0
1875 0 0
1900 0 0
1925 0 0
1950 0 0
1975 0 0
2000 0 0
