80 13000 599
100 5330 191
125 2360 88
150 1220 49
175 693 30
200 424 20
225 273 13
250 184 9
275 127 7
300 90 5
325 66 4
350 49 3
375 37 2
400 28 2
425 22 1
450 17 1
475 13 1
500 10 0
525 8 0
550 7 0
575 5 0
600 4 0
625 3 0
650 3 0
675 2 0
700 2 0
725 1 0
750 1 0
775 1 0
800 1 0
825 0 0
850 0 0
875 0 0
900 0 0
925 0 0
950 0 0
975 0 0
1000 0 0
1025 0 0
1050 0 0
1075 0 0
1100 0 0
1125 0 0
1150 0 0
1175 0 0
1200 0 0
1225 0 0
1250 0 0
1275 0 0
1300 0 0
1325 0 0
1350 0 0
1375 0 0
1400 0 0
1425 0 0
1450 0 0
1475 0 0
1500 0 0
