100 13900 485
125 6250 222
150 3270 126
175 1890 80
200 1170 54
225 762 37
250 517 27
275 362 20
300 260 15
325 191 12
350 143 9
375 109 7
400 83 6
425 65 4
450 51 4
475 41 3
500 32 2
525 26 2
550 21 1
575 17 1
600 14 1
625 12 1
650 10 0
675 8 0
700 6 0
725 5 0
750 4 0
775 4 0
800 3 0
825 3 0
850 2 0
875 2 0
900 1 0
925 1 0
950 1 0
975 1 0
1000 1 0
1025 0 0
1050 0 0
1075 0 0
1100 0 0
1125 0 0
1150 0 0
1175 0 0
1200 0 0
1225 0 0
1250 0 0
1275 0 0
1300 0 0
1325 0 0
1350 0 0
1375 0 0
1400 0 0
1425 0 0
1450 0 0
1475 0 0
1500 0 0
1525 0 0
1550 0 0
1575 0 0
1600 0 0
1625 0 0
1650 0 0
1675 0 0
1700 0 0
1725 0 0
1750 0 0
1775 0 0
1800 0 0
1825 0 0
1850 0 0
1875 0 0
1900 0 0
1925 0 0
1950 0 0
1975 0 0
2000 0 0
