80 6760 306
100 2910 102
125 1330 45
150 700 24
175 404 14
200 249 9
225 161 6
250 109 4
275 75 3
300 53 2
325 39 1
350 29 1
375 22 1
400 16 0
425 13 0
450 10 0
475 8 0
500 6 0
525 5 0
550 4 0
575 3 0
600 2 0
625 2 0
650 1 0
675 1 0
700 1 0
725 1 0
750 0 0
775 0 0
800 0 0
825 0 0
850 0 0
875 0 0
900 0 0
925 0 0
950 0 0
975 0 0
1000 0 0
1025 0 0
1050 0 0
1075 0 0
1100 0 0
1125 0 0
1150 0 0
1175 0 0
1200 0 0
1225 0 0
1250 0 0
1275 0 0
1300 0 0
1325 0 0
1350 0 0
1375 0 0
1400 0 0
1425 0 0
1450 0 0
1475 0 0
1500 0 0
