100 8770 517
125 3780 235
150 1910 126
175 1060 73
200 637 46
225 403 30
250 265 21
275 181 14
300 127 10
325 90 7
350 66 6
375 49 4
400 37 3
425 28 2
450 21 2
475 17 1
500 13 1
525 10 1
550 8 0
575 6 0
600 5 0
625 4 0
650 3 0
675 3 0
700 2 0
725 2 0
750 1 0
775 1 0
800 1 0
825 1 0
850 0 0
875 0 0
900 0 0
925 0 0
950 0 0
975 0 0
1000 0 0
1025 0 0
1050 0 0
1075 0 0
1100 0 0
1125 0 0
1150 0 0
1175 0 0
1200 0 0
1225 0 0
1250 0 0
1275 0 0
1300 0 0
1325 0 0
1350 0 0
1375 0 0
1400 0 0
1425 0 0
1450 0 0
1475 0 0
1500 0 0
1525 0 0
1550 0 0
1575 0 0
1600 0 0
1625 0 0
1650 0 0
1675 0 0
1700 0 0
1725 0 0
1750 0 0
1775 0 0
1800 0 0
1825 0 0
1850 0 0
1875 0 0
1900 0 0
1925 0 0
1950 0 0
1975 0 0
2000 0 0
