100 75000 12975
105 61900 10584
110 51500 8703
115 43200 7257
120 36500 6095
125 31000 5146
130 26400 4329
135 22700 3700
140 19600 3155
145 16900 2704
150 14700 2337
155 12900 2038
160 11300 1774
165 9920 1547
170 8760 1357
175 7750 1201
180 6880 1059
185 6130 937
190 5470 836
195 4900 749
200 4390 667
205 3950 596
210 3560 537
215 3220 483
220 2910 436
225 2640 393
230 2390 356
235 2180 324
240 1990 294
245 1810 267
250 1660 245
255 1520 223
260 1390 204
265 1280 188
270 1170 170
275 1080 157
280 995 145
285 918 133
290 848 122
295 784 113
300 726 105
305 673 96
310 624 89
315 580 83
320 539 77
325 501 71
330 467 66
335 435 62
340 406 58
345 379 54
350 354 50
355 331 47
360 309 43
365 290 41
370 271 38
375 254 36
380 239 33
385 224 31
390 211 29
395 198 27
400 186 26
405 175 24
410 165 23
415 156 21
420 147 20
425 138 19
430 131 18
435 123 17
440 116 16
445 110 15
450 104 14
455 98 13
460 93 12
465 88 12
470 83 11
475 79 10
480 75 10
485 71 9
490 67 9
495 64 8
500 61 8
505 58 7
510 55 7
515 52 7
520 49 6
525 47 6
530 45 6
535 43 5
540 41 5
545 39 5
550 37 5
555 35 4
560 33 4
565 32 4
570 30 4
575 29 3
580 28 3
585 26 3
590 25 3
595 24 3
600 23 3
605 22 2
610 21 2
615 20 2
620 19 2
625 18 2
630 18 2
635 17 2
640 16 2
645 15 2
650 15 1
655 14 1
660 13 1
665 13 1
670 12 1
675 12 1
680 11 1
685 11 1
690 10 1
695 10 1
700 10 1
705 9 1
710 9 1
715 8 1
720 8 1
725 8 1
730 7 0
735 7 0
740 7 0
745 7 0
750 6 0
755 6 0
760 6 0
765 6 0
770 5 0
775 5 0
780 5 0
785 5 0
790 5 0
795 4 0
800 4 0
805 4 0
810 4 0
815 4 0
820 4 0
825 3 0
830 3 0
835 3 0
840 3 0
845 3 0
850 3 0
855 3 0
860 3 0
865 2 0
870 2 0
875 2 0
880 2 0
885 2 0
890 2 0
895 2 0
900 2 0
905 2 0
910 2 0
915 2 0
920 2 0
925 1 0
930 1 0
935 1 0
940 1 0
945 1 0
950 1 0
955 1 0
960 1 0
965 1 0
970 1 0
975 1 0
980 1 0
985 1 0
990 1 0
995 1 0
1000 1 0
1005 1 0
1010 1 0
1015 1 0
1020 1 0
1025 1 0
1030 0 0
1035 0 0
1040 0 0
1045 0 0
1050 0 0
1055 0 0
1060 0 0
1065 0 0
1070 0 0
1075 0 0
1080 0 0
1085 0 0
1090 0 0
1095 0 0
1100 0 0
1105 0 0
1110 0 0
1115 0 0
1120 0 0
1125 0 0
1130 0 0
1135 0 0
1140 0 0
1145 0 0
1150 0 0
1155 0 0
1160 0 0
1165 0 0
1170 0 0
1175 0 0
1180 0 0
1185 0 0
1190 0 0
1195 0 0
1200 0 0
1205 0 0
1210 0 0
1215 0 0
1220 0 0
1225 0 0
1230 0 0
1235 0 0
1240 0 0
1245 0 0
1250 0 0
1255 0 0
1260 0 0
1265 0 0
1270 0 0
1275 0 0
1280 0 0
1285 0 0
1290 0 0
1295 0 0
1300 0 0
1305 0 0
1310 0 0
1315 0 0
1320 0 0
1325 0 0
1330 0 0
1335 0 0
1340 0 0
1345 0 0
1350 0 0
1355 0 0
1360 0 0
1365 0 0
1370 0 0
1375 0 0
1380 0 0
1385 0 0
1390 0 0
1395 0 0
1400 0 0
1405 0 0
1410 0 0
1415 0 0
1420 0 0
1425 0 0
1430 0 0
1435 0 0
1440 0 0
1445 0 0
1450 0 0
1455 0 0
1460 0 0
1465 0 0
1470 0 0
1475 0 0
1480 0 0
1485 0 0
1490 0 0
1495 0 0
1500 0 0
1505 0 0
1510 0 0
1515 0 0
1520 0 0
1525 0 0
1530 0 0
1535 0 0
1540 0 0
1545 0 0
1550 0 0
1555 0 0
1560 0 0
1565 0 0
1570 0 0
1575 0 0
1580 0 0
1585 0 0
1590 0 0
1595 0 0
1600 0 0
1605 0 0
1610 0 0
1615 0 0
1620 0 0
1625 0 0
1630 0 0
1635 0 0
1640 0 0
1645 0 0
1650 0 0
1655 0 0
1660 0 0
1665 0 0
1670 0 0
1675 0 0
1680 0 0
1685 0 0
1690 0 0
1695 0 0
1700 0 0
1705 0 0
1710 0 0
1715 0 0
1720 0 0
1725 0 0
1730 0 0
1735 0 0
1740 0 0
1745 0 0
1750 0 0
1755 0 0
1760 0 0
1765 0 0
1770 0 0
1775 0 0
1780 0 0
1785 0 0
1790 0 0
1795 0 0
1800 0 0
1805 0 0
1810 0 0
1815 0 0
1820 0 0
1825 0 0
1830 0 0
1835 0 0
1840 0 0
1845 0 0
1850 0 0
1855 0 0
1860 0 0
1865 0 0
1870 0 0
1875 0 0
1880 0 0
1885 0 0
1890 0 0
1895 0 0
1900 0 0
1905 0 0
1910 0 0
1915 0 0
1920 0 0
1925 0 0
1930 0 0
1935 0 0
1940 0 0
1945 0 0
1950 0 0
1955 0 0
1960 0 0
1965 0 0
1970 0 0
1975 0 0
1980 0 0
1985 0 0
1990 0 0
1995 0 0
2000 0 0
2005 0 0
2010 0 0
2015 0 0
2020 0 0
2025 0 0
2030 0 0
2035 0 0
2040 0 0
2045 0 0
2050 0 0
2055 0 0
2060 0 0
2065 0 0
2070 0 0
2075 0 0
2080 0 0
2085 0 0
2090 0 0
2095 0 0
2100 0 0
2105 0 0
2110 0 0
2115 0 0
2120 0 0
2125 0 0
2130 0 0
2135 0 0
2140 0 0
2145 0 0
2150 0 0
2155 0 0
2160 0 0
2165 0 0
2170 0 0
2175 0 0
2180 0 0
2185 0 0
2190 0 0
2195 0 0
2200 0 0
2205 0 0
2210 0 0
2215 0 0
2220 0 0
2225 0 0
2230 0 0
2235 0 0
2240 0 0
2245 0 0
2250 0 0
2255 0 0
2260 0 0
2265 0 0
2270 0 0
2275 0 0
2280 0 0
2285 0 0
2290 0 0
2295 0 0
2300 0 0
2305 0 0
2310 0 0
2315 0 0
2320 0 0
2325 0 0
2330 0 0
2335 0 0
2340 0 0
2345 0 0
2350 0 0
2355 0 0
2360 0 0
2365 0 0
2370 0 0
2375 0 0
2380 0 0
2385 0 0
2390 0 0
2395 0 0
2400 0 0
2405 0 0
2410 0 0
2415 0 0
2420 0 0
2425 0 0
2430 0 0
2435 0 0
2440 0 0
2445 0 0
2450 0 0
2455 0 0
2460 0 0
2465 0 0
2470 0 0
2475 0 0
2480 0 0
2485 0 0
2490 0 0
2495 0 0
2500 0 0
2505 0 0
2510 0 0
2515 0 0
2520 0 0
2525 0 0
2530 0 0
2535 0 0
2540 0 0
2545 0 0
2550 0 0
2555 0 0
2560 0 0
2565 0 0
2570 0 0
2575 0 0
2580 0 0
2585 0 0
2590 0 0
2595 0 0
2600 0 0
2605 0 0
2610 0 0
2615 0 0
2620 0 0
2625 0 0
2630 0 0
2635 0 0
2640 0 0
2645 0 0
2650 0 0
2655 0 0
2660 0 0
2665 0 0
2670 0 0
2675 0 0
2680 0 0
2685 0 0
2690 0 0
2695 0 0
2700 0 0
2705 0 0
2710 0 0
2715 0 0
2720 0 0
2725 0 0
2730 0 0
2735 0 0
2740 0 0
2745 0 0
2750 0 0
2755 0 0
2760 0 0
2765 0 0
2770 0 0
2775 0 0
2780 0 0
2785 0 0
2790 0 0
2795 0 0
2800 0 0
2805 0 0
2810 0 0
2815 0 0
2820 0 0
2825 0 0
2830 0 0
2835 0 0
2840 0 0
2845 0 0
2850 0 0
2855 0 0
2860 0 0
2865 0 0
2870 0 0
2875 0 0
2880 0 0
2885 0 0
2890 0 0
2895 0 0
2900 0 0
2905 0 0
2910 0 0
2915 0 0
2920 0 0
2925 0 0
2930 0 0
2935 0 0
2940 0 0
2945 0 0
2950 0 0
2955 0 0
2960 0 0
2965 0 0
2970 0 0
2975 0 0
2980 0 0
2985 0 0
2990 0 0
2995 0 0
3000 0 0
