200 772 110
205 689 98
210 615 88
215 550 79
220 493 70
225 443 63
230 398 57
235 359 51
240 324 46
245 292 42
250 265 38
255 240 34
260 217 30
265 197 28
270 180 25
275 163 23
280 149 21
285 136 19
290 125 18
295 114 16
300 105 14
305 96 13
310 88 12
315 81 11
320 75 10
325 69 9
330 64 8
335 59 8
340 54 7
345 50 7
350 46 6
355 43 6
360 40 5
365 37 5
370 35 4
375 32 4
380 30 4
385 28 3
390 26 3
395 24 3
400 23 3
405 21 2
410 20 2
415 18 2
420 17 2
425 16 2
430 15 2
435 14 1
440 13 1
445 12 1
450 12 1
455 11 1
460 10 1
465 10 1
470 9 1
475 8 1
480 8 1
485 7 1
490 7 0
495 7 0
500 6 0
505 6 0
510 5 0
515 5 0
520 5 0
525 5 0
530 4 0
535 4 0
540 4 0
545 4 0
550 3 0
555 3 0
560 3 0
565 3 0
570 3 0
575 2 0
580 2 0
585 2 0
590 2 0
595 2 0
600 2 0
605 2 0
610 2 0
615 1 0
620 1 0
625 1 0
630 1 0
635 1 0
640 1 0
645 1 0
650 1 0
655 1 0
660 1 0
665 1 0
670 1 0
675 1 0
680 1 0
685 1 0
690 0 0
695 0 0
700 0 0
705 0 0
710 0 0
715 0 0
720 0 0
725 0 0
730 0 0
735 0 0
740 0 0
745 0 0
750 0 0
755 0 0
760 0 0
765 0 0
770 0 0
775 0 0
780 0 0
785 0 0
790 0 0
795 0 0
800 0 0
805 0 0
810 0 0
815 0 0
820 0 0
825 0 0
830 0 0
835 0 0
840 0 0
845 0 0
850 0 0
855 0 0
860 0 0
865 0 0
870 0 0
875 0 0
880 0 0
885 0 0
890 0 0
895 0 0
900 0 0
905 0 0
910 0 0
915 0 0
920 0 0
925 0 0
930 0 0
935 0 0
940 0 0
945 0 0
950 0 0
955 0 0
960 0 0
965 0 0
970 0 0
975 0 0
980 0 0
985 0 0
990 0 0
995 0 0
1000 0 0
1005 0 0
1010 0 0
1015 0 0
1020 0 0
1025 0 0
1030 0 0
1035 0 0
1040 0 0
1045 0 0
1050 0 0
1055 0 0
1060 0 0
1065 0 0
1070 0 0
1075 0 0
1080 0 0
1085 0 0
1090 0 0
1095 0 0
1100 0 0
1105 0 0
1110 0 0
1115 0 0
1120 0 0
1125 0 0
1130 0 0
1135 0 0
1140 0 0
1145 0 0
1150 0 0
1155 0 0
1160 0 0
1165 0 0
1170 0 0
1175 0 0
1180 0 0
1185 0 0
1190 0 0
1195 0 0
1200 0 0
1205 0 0
1210 0 0
1215 0 0
1220 0 0
1225 0 0
1230 0 0
1235 0 0
1240 0 0
1245 0 0
1250 0 0
1255 0 0
1260 0 0
1265 0 0
1270 0 0
1275 0 0
1280 0 0
1285 0 0
1290 0 0
1295 0 0
1300 0 0
1305 0 0
1310 0 0
1315 0 0
1320 0 0
1325 0 0
1330 0 0
1335 0 0
1340 0 0
1345 0 0
1350 0 0
1355 0 0
1360 0 0
1365 0 0
1370 0 0
1375 0 0
1380 0 0
1385 0 0
1390 0 0
1395 0 0
1400 0 0
1405 0 0
1410 0 0
1415 0 0
1420 0 0
1425 0 0
1430 0 0
1435 0 0
1440 0 0
1445 0 0
1450 0 0
1455 0 0
1460 0 0
1465 0 0
1470 0 0
1475 0 0
1480 0 0
1485 0 0
1490 0 0
1495 0 0
1500 0 0
1505 0 0
1510 0 0
1515 0 0
1520 0 0
1525 0 0
1530 0 0
1535 0 0
1540 0 0
1545 0 0
1550 0 0
1555 0 0
1560 0 0
1565 0 0
1570 0 0
1575 0 0
1580 0 0
1585 0 0
1590 0 0
1595 0 0
1600 0 0
1605 0 0
1610 0 0
1615 0 0
1620 0 0
1625 0 0
1630 0 0
1635 0 0
1640 0 0
1645 0 0
1650 0 0
1655 0 0
1660 0 0
1665 0 0
1670 0 0
1675 0 0
1680 0 0
1685 0 0
1690 0 0
1695 0 0
1700 0 0
1705 0 0
1710 0 0
1715 0 0
1720 0 0
1725 0 0
1730 0 0
1735 0 0
1740 0 0
1745 0 0
1750 0 0
1755 0 0
1760 0 0
1765 0 0
1770 0 0
1775 0 0
1780 0 0
1785 0 0
1790 0 0
1795 0 0
1800 0 0
1805 0 0
1810 0 0
1815 0 0
1820 0 0
1825 0 0
1830 0 0
1835 0 0
1840 0 0
1845 0 0
1850 0 0
1855 0 0
1860 0 0
1865 0 0
1870 0 0
1875 0 0
1880 0 0
1885 0 0
1890 0 0
1895 0 0
1900 0 0
1905 0 0
1910 0 0
1915 0 0
1920 0 0
1925 0 0
1930 0 0
1935 0 0
1940 0 0
1945 0 0
1950 0 0
1955 0 0
1960 0 0
1965 0 0
1970 0 0
1975 0 0
1980 0 0
1985 0 0
1990 0 0
1995 0 0
2000 0 0
2005 0 0
2010 0 0
2015 0 0
2020 0 0
2025 0 0
2030 0 0
2035 0 0
2040 0 0
2045 0 0
2050 0 0
2055 0 0
2060 0 0
2065 0 0
2070 0 0
2075 0 0
2080 0 0
2085 0 0
2090 0 0
2095 0 0
2100 0 0
2105 0 0
2110 0 0
2115 0 0
2120 0 0
2125 0 0
2130 0 0
2135 0 0
2140 0 0
2145 0 0
2150 0 0
2155 0 0
2160 0 0
2165 0 0
2170 0 0
2175 0 0
2180 0 0
2185 0 0
2190 0 0
2195 0 0
2200 0 0
2205 0 0
2210 0 0
2215 0 0
2220 0 0
2225 0 0
2230 0 0
2235 0 0
2240 0 0
2245 0 0
2250 0 0
2255 0 0
2260 0 0
2265 0 0
2270 0 0
2275 0 0
2280 0 0
2285 0 0
2290 0 0
2295 0 0
2300 0 0
2305 0 0
2310 0 0
2315 0 0
2320 0 0
2325 0 0
2330 0 0
2335 0 0
2340 0 0
2345 0 0
2350 0 0
2355 0 0
2360 0 0
2365 0 0
2370 0 0
2375 0 0
2380 0 0
2385 0 0
2390 0 0
2395 0 0
2400 0 0
2405 0 0
2410 0 0
2415 0 0
2420 0 0
2425 0 0
2430 0 0
2435 0 0
2440 0 0
2445 0 0
2450 0 0
2455 0 0
2460 0 0
2465 0 0
2470 0 0
2475 0 0
2480 0 0
2485 0 0
2490 0 0
2495 0 0
2500 0 0
2505 0 0
2510 0 0
2515 0 0
2520 0 0
2525 0 0
2530 0 0
2535 0 0
2540 0 0
2545 0 0
2550 0 0
2555 0 0
2560 0 0
2565 0 0
2570 0 0
2575 0 0
2580 0 0
2585 0 0
2590 0 0
2595 0 0
2600 0 0
2605 0 0
2610 0 0
2615 0 0
2620 0 0
2625 0 0
2630 0 0
2635 0 0
2640 0 0
2645 0 0
2650 0 0
2655 0 0
2660 0 0
2665 0 0
2670 0 0
2675 0 0
2680 0 0
2685 0 0
2690 0 0
2695 0 0
2700 0 0
2705 0 0
2710 0 0
2715 0 0
2720 0 0
2725 0 0
2730 0 0
2735 0 0
2740 0 0
2745 0 0
2750 0 0
2755 0 0
2760 0 0
2765 0 0
2770 0 0
2775 0 0
2780 0 0
2785 0 0
2790 0 0
2795 0 0
2800 0 0
2805 0 0
2810 0 0
2815 0 0
2820 0 0
2825 0 0
2830 0 0
2835 0 0
2840 0 0
2845 0 0
2850 0 0
2855 0 0
2860 0 0
2865 0 0
2870 0 0
2875 0 0
2880 0 0
2885 0 0
2890 0 0
2895 0 0
2900 0 0
2905 0 0
2910 0 0
2915 0 0
2920 0 0
2925 0 0
2930 0 0
2935 0 0
2940 0 0
2945 0 0
2950 0 0
2955 0 0
2960 0 0
2965 0 0
2970 0 0
2975 0 0
2980 0 0
2985 0 0
2990 0 0
2995 0 0
3000 0 0
3005 0 0
3010 0 0
3015 0 0
3020 0 0
3025 0 0
3030 0 0
3035 0 0
3040 0 0
3045 0 0
3050 0 0
3055 0 0
3060 0 0
3065 0 0
3070 0 0
3075 0 0
3080 0 0
3085 0 0
3090 0 0
3095 0 0
3100 0 0
3105 0 0
3110 0 0
3115 0 0
3120 0 0
3125 0 0
3130 0 0
3135 0 0
3140 0 0
3145 0 0
3150 0 0
3155 0 0
3160 0 0
3165 0 0
3170 0 0
3175 0 0
3180 0 0
3185 0 0
3190 0 0
3195 0 0
3200 0 0
3205 0 0
3210 0 0
3215 0 0
3220 0 0
3225 0 0
3230 0 0
3235 0 0
3240 0 0
3245 0 0
3250 0 0
3255 0 0
3260 0 0
3265 0 0
3270 0 0
3275 0 0
3280 0 0
3285 0 0
3290 0 0
3295 0 0
3300 0 0
3305 0 0
3310 0 0
3315 0 0
3320 0 0
3325 0 0
3330 0 0
3335 0 0
3340 0 0
3345 0 0
3350 0 0
3355 0 0
3360 0 0
3365 0 0
3370 0 0
3375 0 0
3380 0 0
3385 0 0
3390 0 0
3395 0 0
3400 0 0
3405 0 0
3410 0 0
3415 0 0
3420 0 0
3425 0 0
3430 0 0
3435 0 0
3440 0 0
3445 0 0
3450 0 0
3455 0 0
3460 0 0
3465 0 0
3470 0 0
3475 0 0
3480 0 0
3485 0 0
3490 0 0
3495 0 0
3500 0 0
