100 15200 553
125 6890 239
150 3630 128
175 2110 74
200 1310 47
225 862 33
250 588 23
275 414 16
300 300 12
325 221 9
350 166 7
375 127 5
400 98 4
425 77 3
450 61 3
475 49 2
500 39 2
525 32 1
550 26 1
575 21 1
600 17 1
625 14 0
650 12 0
675 10 0
700 8 0
725 7 0
750 6 0
775 5 0
800 4 0
825 3 0
850 3 0
875 2 0
900 2 0
925 2 0
950 1 0
975 1 0
1000 1 0
1025 1 0
1050 1 0
1075 0 0
1100 0 0
1125 0 0
1150 0 0
1175 0 0
1200 0 0
1225 0 0
1250 0 0
1275 0 0
1300 0 0
1325 0 0
1350 0 0
1375 0 0
1400 0 0
1425 0 0
1450 0 0
1475 0 0
1500 0 0
