100 9930 376
125 4330 164
150 2200 84
175 1240 49
200 745 30
225 474 20
250 314 14
275 216 10
300 152 7
325 109 5
350 80 4
375 60 3
400 45 2
425 35 1
450 27 1
475 21 1
500 16 0
525 13 0
550 10 0
575 8 0
600 7 0
625 5 0
650 4 0
675 3 0
700 3 0
725 2 0
750 2 0
775 1 0
800 1 0
825 1 0
850 1 0
875 1 0
900 0 0
925 0 0
950 0 0
975 0 0
1000 0 0
1025 0 0
1050 0 0
1075 0 0
1100 0 0
1125 0 0
1150 0 0
1175 0 0
1200 0 0
1225 0 0
1250 0 0
1275 0 0
1300 0 0
1325 0 0
1350 0 0
1375 0 0
1400 0 0
1425 0 0
1450 0 0
1475 0 0
1500 0 0
