100 25100 913
125 11200 402
150 5830 211
175 3350 121
200 2060 77
225 1340 52
250 903 36
275 630 26
300 451 19
325 331 14
350 247 11
375 187 8
400 144 7
425 112 5
450 88 4
475 70 3
500 56 3
525 45 2
550 37 2
575 30 1
600 25 1
625 20 1
650 17 1
675 14 0
700 12 0
725 10 0
750 8 0
775 7 0
800 6 0
825 5 0
850 4 0
875 3 0
900 3 0
925 2 0
950 2 0
975 2 0
1000 1 0
1025 1 0
1050 1 0
1075 1 0
1100 1 0
1125 0 0
1150 0 0
1175 0 0
1200 0 0
1225 0 0
1250 0 0
1275 0 0
1300 0 0
1325 0 0
1350 0 0
1375 0 0
1400 0 0
1425 0 0
1450 0 0
1475 0 0
1500 0 0
