200 4692 614
205 4238 553
210 3831 501
215 3469 450
220 3153 408
225 2863 374
230 2602 333
235 2373 305
240 2165 279
245 1976 256
250 1808 234
255 1661 214
260 1523 196
265 1396 179
270 1289 162
275 1187 153
280 1091 138
285 1011 129
290 935 118
295 865 109
300 802 101
305 744 94
310 691 86
315 642 81
320 598 75
325 557 70
330 520 65
335 485 60
340 454 56
345 424 53
350 397 49
355 372 46
360 349 43
365 328 40
370 308 38
375 289 36
380 272 33
385 256 31
390 241 30
395 228 28
400 215 26
405 203 25
410 192 23
415 180 22
420 171 21
425 162 20
430 153 18
435 144 17
440 137 17
445 130 15
450 123 15
455 117 14
460 111 13
465 105 13
470 100 12
475 95 11
480 90 11
485 86 10
490 82 10
495 78 9
500 74 9
505 71 8
510 67 8
515 64 7
520 61 7
525 58 7
530 56 6
535 53 6
540 51 6
545 49 5
550 46 5
555 44 5
560 42 5
565 40 5
570 39 4
575 37 4
580 36 4
585 34 4
590 33 4
595 31 3
600 30 3
605 29 3
610 28 3
615 26 3
620 25 3
625 24 3
630 23 2
635 22 2
640 22 2
645 21 2
650 20 2
655 19 2
660 18 2
665 18 2
670 17 2
675 16 2
680 16 2
685 15 1
690 15 1
695 14 1
700 13 1
705 13 1
710 13 1
715 12 1
720 12 1
725 11 1
730 11 1
735 10 1
740 10 1
745 10 1
750 9 1
755 9 1
760 9 1
765 8 1
770 8 1
775 8 0
780 7 0
785 7 0
790 7 0
795 7 0
800 6 0
805 6 0
810 6 0
815 6 0
820 6 0
825 5 0
830 5 0
835 5 0
840 5 0
845 5 0
850 5 0
855 4 0
860 4 0
865 4 0
870 4 0
875 4 0
880 4 0
885 4 0
890 3 0
895 3 0
900 3 0
905 3 0
910 3 0
915 3 0
920 3 0
925 3 0
930 3 0
935 3 0
940 2 0
945 2 0
950 2 0
955 2 0
960 2 0
965 2 0
970 2 0
975 2 0
980 2 0
985 2 0
990 2 0
995 2 0
1000 2 0
1005 2 0
1010 1 0
1015 1 0
1020 1 0
1025 1 0
1030 1 0
1035 1 0
1040 1 0
1045 1 0
1050 1 0
1055 1 0
1060 1 0
1065 1 0
1070 1 0
1075 1 0
1080 1 0
1085 1 0
1090 1 0
1095 1 0
1100 1 0
1105 1 0
1110 1 0
1115 1 0
1120 1 0
1125 1 0
1130 1 0
1135 1 0
1140 1 0
1145 0 0
1150 0 0
1155 0 0
1160 0 0
1165 0 0
1170 0 0
1175 0 0
1180 0 0
1185 0 0
1190 0 0
1195 0 0
1200 0 0
1205 0 0
1210 0 0
1215 0 0
1220 0 0
1225 0 0
1230 0 0
1235 0 0
1240 0 0
1245 0 0
1250 0 0
1255 0 0
1260 0 0
1265 0 0
1270 0 0
1275 0 0
1280 0 0
1285 0 0
1290 0 0
1295 0 0
1300 0 0
1305 0 0
1310 0 0
1315 0 0
1320 0 0
1325 0 0
1330 0 0
1335 0 0
1340 0 0
1345 0 0
1350 0 0
1355 0 0
1360 0 0
1365 0 0
1370 0 0
1375 0 0
1380 0 0
1385 0 0
1390 0 0
1395 0 0
1400 0 0
1405 0 0
1410 0 0
1415 0 0
1420 0 0
1425 0 0
1430 0 0
1435 0 0
1440 0 0
1445 0 0
1450 0 0
1455 0 0
1460 0 0
1465 0 0
1470 0 0
1475 0 0
1480 0 0
1485 0 0
1490 0 0
1495 0 0
1500 0 0
1505 0 0
1510 0 0
1515 0 0
1520 0 0
1525 0 0
1530 0 0
1535 0 0
1540 0 0
1545 0 0
1550 0 0
1555 0 0
1560 0 0
1565 0 0
1570 0 0
1575 0 0
1580 0 0
1585 0 0
1590 0 0
1595 0 0
1600 0 0
1605 0 0
1610 0 0
1615 0 0
1620 0 0
1625 0 0
1630 0 0
1635 0 0
1640 0 0
1645 0 0
1650 0 0
1655 0 0
1660 0 0
1665 0 0
1670 0 0
1675 0 0
1680 0 0
1685 0 0
1690 0 0
1695 0 0
1700 0 0
1705 0 0
1710 0 0
1715 0 0
1720 0 0
1725 0 0
1730 0 0
1735 0 0
1740 0 0
1745 0 0
1750 0 0
1755 0 0
1760 0 0
1765 0 0
1770 0 0
1775 0 0
1780 0 0
1785 0 0
1790 0 0
1795 0 0
1800 0 0
1805 0 0
1810 0 0
1815 0 0
1820 0 0
1825 0 0
1830 0 0
1835 0 0
1840 0 0
1845 0 0
1850 0 0
1855 0 0
1860 0 0
1865 0 0
1870 0 0
1875 0 0
1880 0 0
1885 0 0
1890 0 0
1895 0 0
1900 0 0
1905 0 0
1910 0 0
1915 0 0
1920 0 0
1925 0 0
1930 0 0
1935 0 0
1940 0 0
1945 0 0
1950 0 0
1955 0 0
1960 0 0
1965 0 0
1970 0 0
1975 0 0
1980 0 0
1985 0 0
1990 0 0
1995 0 0
2000 0 0
2005 0 0
2010 0 0
2015 0 0
2020 0 0
2025 0 0
2030 0 0
2035 0 0
2040 0 0
2045 0 0
2050 0 0
2055 0 0
2060 0 0
2065 0 0
2070 0 0
2075 0 0
2080 0 0
2085 0 0
2090 0 0
2095 0 0
2100 0 0
2105 0 0
2110 0 0
2115 0 0
2120 0 0
2125 0 0
2130 0 0
2135 0 0
2140 0 0
2145 0 0
2150 0 0
2155 0 0
2160 0 0
2165 0 0
2170 0 0
2175 0 0
2180 0 0
2185 0 0
2190 0 0
2195 0 0
2200 0 0
2205 0 0
2210 0 0
2215 0 0
2220 0 0
2225 0 0
2230 0 0
2235 0 0
2240 0 0
2245 0 0
2250 0 0
2255 0 0
2260 0 0
2265 0 0
2270 0 0
2275 0 0
2280 0 0
2285 0 0
2290 0 0
2295 0 0
2300 0 0
2305 0 0
2310 0 0
2315 0 0
2320 0 0
2325 0 0
2330 0 0
2335 0 0
2340 0 0
2345 0 0
2350 0 0
2355 0 0
2360 0 0
2365 0 0
2370 0 0
2375 0 0
2380 0 0
2385 0 0
2390 0 0
2395 0 0
2400 0 0
2405 0 0
2410 0 0
2415 0 0
2420 0 0
2425 0 0
2430 0 0
2435 0 0
2440 0 0
2445 0 0
2450 0 0
2455 0 0
2460 0 0
2465 0 0
2470 0 0
2475 0 0
2480 0 0
2485 0 0
2490 0 0
2495 0 0
2500 0 0
2505 0 0
2510 0 0
2515 0 0
2520 0 0
2525 0 0
2530 0 0
2535 0 0
2540 0 0
2545 0 0
2550 0 0
2555 0 0
2560 0 0
2565 0 0
2570 0 0
2575 0 0
2580 0 0
2585 0 0
2590 0 0
2595 0 0
2600 0 0
2605 0 0
2610 0 0
2615 0 0
2620 0 0
2625 0 0
2630 0 0
2635 0 0
2640 0 0
2645 0 0
2650 0 0
2655 0 0
2660 0 0
2665 0 0
2670 0 0
2675 0 0
2680 0 0
2685 0 0
2690 0 0
2695 0 0
2700 0 0
2705 0 0
2710 0 0
2715 0 0
2720 0 0
2725 0 0
2730 0 0
2735 0 0
2740 0 0
2745 0 0
2750 0 0
2755 0 0
2760 0 0
2765 0 0
2770 0 0
2775 0 0
2780 0 0
2785 0 0
2790 0 0
2795 0 0
2800 0 0
2805 0 0
2810 0 0
2815 0 0
2820 0 0
2825 0 0
2830 0 0
2835 0 0
2840 0 0
2845 0 0
2850 0 0
2855 0 0
2860 0 0
2865 0 0
2870 0 0
2875 0 0
2880 0 0
2885 0 0
2890 0 0
2895 0 0
2900 0 0
2905 0 0
2910 0 0
2915 0 0
2920 0 0
2925 0 0
2930 0 0
2935 0 0
2940 0 0
2945 0 0
2950 0 0
2955 0 0
2960 0 0
2965 0 0
2970 0 0
2975 0 0
2980 0 0
2985 0 0
2990 0 0
2995 0 0
3000 0 0
3005 0 0
3010 0 0
3015 0 0
3020 0 0
3025 0 0
3030 0 0
3035 0 0
3040 0 0
3045 0 0
3050 0 0
3055 0 0
3060 0 0
3065 0 0
3070 0 0
3075 0 0
3080 0 0
3085 0 0
3090 0 0
3095 0 0
3100 0 0
3105 0 0
3110 0 0
3115 0 0
3120 0 0
3125 0 0
3130 0 0
3135 0 0
3140 0 0
3145 0 0
3150 0 0
3155 0 0
3160 0 0
3165 0 0
3170 0 0
3175 0 0
3180 0 0
3185 0 0
3190 0 0
3195 0 0
3200 0 0
3205 0 0
3210 0 0
3215 0 0
3220 0 0
3225 0 0
3230 0 0
3235 0 0
3240 0 0
3245 0 0
3250 0 0
3255 0 0
3260 0 0
3265 0 0
3270 0 0
3275 0 0
3280 0 0
3285 0 0
3290 0 0
3295 0 0
3300 0 0
3305 0 0
3310 0 0
3315 0 0
3320 0 0
3325 0 0
3330 0 0
3335 0 0
3340 0 0
3345 0 0
3350 0 0
3355 0 0
3360 0 0
3365 0 0
3370 0 0
3375 0 0
3380 0 0
3385 0 0
3390 0 0
3395 0 0
3400 0 0
3405 0 0
3410 0 0
3415 0 0
3420 0 0
3425 0 0
3430 0 0
3435 0 0
3440 0 0
3445 0 0
3450 0 0
3455 0 0
3460 0 0
3465 0 0
3470 0 0
3475 0 0
3480 0 0
3485 0 0
3490 0 0
3495 0 0
3500 0 0
3505 0 0
3510 0 0
3515 0 0
3520 0 0
3525 0 0
3530 0 0
3535 0 0
3540 0 0
3545 0 0
3550 0 0
3555 0 0
3560 0 0
3565 0 0
3570 0 0
3575 0 0
3580 0 0
3585 0 0
3590 0 0
3595 0 0
3600 0 0
3605 0 0
3610 0 0
3615 0 0
3620 0 0
3625 0 0
3630 0 0
3635 0 0
3640 0 0
3645 0 0
3650 0 0
3655 0 0
3660 0 0
3665 0 0
3670 0 0
3675 0 0
3680 0 0
3685 0 0
3690 0 0
3695 0 0
3700 0 0
3705 0 0
3710 0 0
3715 0 0
3720 0 0
3725 0 0
3730 0 0
3735 0 0
3740 0 0
3745 0 0
3750 0 0
3755 0 0
3760 0 0
3765 0 0
3770 0 0
3775 0 0
3780 0 0
3785 0 0
3790 0 0
3795 0 0
3800 0 0
3805 0 0
3810 0 0
3815 0 0
3820 0 0
3825 0 0
3830 0 0
3835 0 0
3840 0 0
3845 0 0
3850 0 0
3855 0 0
3860 0 0
3865 0 0
3870 0 0
3875 0 0
3880 0 0
3885 0 0
3890 0 0
3895 0 0
3900 0 0
3905 0 0
3910 0 0
3915 0 0
3920 0 0
3925 0 0
3930 0 0
3935 0 0
3940 0 0
3945 0 0
3950 0 0
3955 0 0
3960 0 0
3965 0 0
3970 0 0
3975 0 0
3980 0 0
3985 0 0
3990 0 0
3995 0 0
4000 0 0
4005 0 0
4010 0 0
4015 0 0
4020 0 0
4025 0 0
4030 0 0
4035 0 0
4040 0 0
4045 0 0
4050 0 0
4055 0 0
4060 0 0
4065 0 0
4070 0 0
4075 0 0
4080 0 0
4085 0 0
4090 0 0
4095 0 0
4100 0 0
4105 0 0
4110 0 0
4115 0 0
4120 0 0
4125 0 0
4130 0 0
4135 0 0
4140 0 0
4145 0 0
4150 0 0
4155 0 0
4160 0 0
4165 0 0
4170 0 0
4175 0 0
4180 0 0
4185 0 0
4190 0 0
4195 0 0
4200 0 0
4205 0 0
4210 0 0
4215 0 0
4220 0 0
4225 0 0
4230 0 0
4235 0 0
4240 0 0
4245 0 0
4250 0 0
4255 0 0
4260 0 0
4265 0 0
4270 0 0
4275 0 0
4280 0 0
4285 0 0
4290 0 0
4295 0 0
4300 0 0
4305 0 0
4310 0 0
4315 0 0
4320 0 0
4325 0 0
4330 0 0
4335 0 0
4340 0 0
4345 0 0
4350 0 0
4355 0 0
4360 0 0
4365 0 0
4370 0 0
4375 0 0
4380 0 0
4385 0 0
4390 0 0
4395 0 0
4400 0 0
4405 0 0
4410 0 0
4415 0 0
4420 0 0
4425 0 0
4430 0 0
4435 0 0
4440 0 0
4445 0 0
4450 0 0
4455 0 0
4460 0 0
4465 0 0
4470 0 0
4475 0 0
4480 0 0
4485 0 0
4490 0 0
4495 0 0
4500 0 0
4505 0 0
4510 0 0
4515 0 0
4520 0 0
4525 0 0
4530 0 0
4535 0 0
4540 0 0
4545 0 0
4550 0 0
4555 0 0
4560 0 0
4565 0 0
4570 0 0
4575 0 0
4580 0 0
4585 0 0
4590 0 0
4595 0 0
4600 0 0
4605 0 0
4610 0 0
4615 0 0
4620 0 0
4625 0 0
4630 0 0
4635 0 0
4640 0 0
4645 0 0
4650 0 0
4655 0 0
4660 0 0
4665 0 0
4670 0 0
4675 0 0
4680 0 0
4685 0 0
4690 0 0
4695 0 0
4700 0 0
4705 0 0
4710 0 0
4715 0 0
4720 0 0
4725 0 0
4730 0 0
4735 0 0
4740 0 0
4745 0 0
4750 0 0
4755 0 0
4760 0 0
4765 0 0
4770 0 0
4775 0 0
4780 0 0
4785 0 0
4790 0 0
4795 0 0
4800 0 0
4805 0 0
4810 0 0
4815 0 0
4820 0 0
4825 0 0
4830 0 0
4835 0 0
4840 0 0
4845 0 0
4850 0 0
4855 0 0
4860 0 0
4865 0 0
4870 0 0
4875 0 0
4880 0 0
4885 0 0
4890 0 0
4895 0 0
4900 0 0
4905 0 0
4910 0 0
4915 0 0
4920 0 0
4925 0 0
4930 0 0
4935 0 0
4940 0 0
4945 0 0
4950 0 0
4955 0 0
4960 0 0
4965 0 0
4970 0 0
4975 0 0
4980 0 0
4985 0 0
4990 0 0
4995 0 0
5000 0 0
5005 0 0
5010 0 0
5015 0 0
5020 0 0
5025 0 0
5030 0 0
5035 0 0
5040 0 0
5045 0 0
5050 0 0
5055 0 0
5060 0 0
5065 0 0
5070 0 0
5075 0 0
5080 0 0
5085 0 0
5090 0 0
5095 0 0
5100 0 0
5105 0 0
5110 0 0
5115 0 0
5120 0 0
5125 0 0
5130 0 0
5135 0 0
5140 0 0
5145 0 0
5150 0 0
5155 0 0
5160 0 0
5165 0 0
5170 0 0
5175 0 0
5180 0 0
5185 0 0
5190 0 0
5195 0 0
5200 0 0
5205 0 0
5210 0 0
5215 0 0
5220 0 0
5225 0 0
5230 0 0
5235 0 0
5240 0 0
5245 0 0
5250 0 0
5255 0 0
5260 0 0
5265 0 0
5270 0 0
5275 0 0
5280 0 0
5285 0 0
5290 0 0
5295 0 0
5300 0 0
5305 0 0
5310 0 0
5315 0 0
5320 0 0
5325 0 0
5330 0 0
5335 0 0
5340 0 0
5345 0 0
5350 0 0
5355 0 0
5360 0 0
5365 0 0
5370 0 0
5375 0 0
5380 0 0
5385 0 0
5390 0 0
5395 0 0
5400 0 0
5405 0 0
5410 0 0
5415 0 0
5420 0 0
5425 0 0
5430 0 0
5435 0 0
5440 0 0
5445 0 0
5450 0 0
5455 0 0
5460 0 0
5465 0 0
5470 0 0
5475 0 0
5480 0 0
5485 0 0
5490 0 0
5495 0 0
5500 0 0
5505 0 0
5510 0 0
5515 0 0
5520 0 0
5525 0 0
5530 0 0
5535 0 0
5540 0 0
5545 0 0
5550 0 0
5555 0 0
5560 0 0
5565 0 0
5570 0 0
5575 0 0
5580 0 0
5585 0 0
5590 0 0
5595 0 0
5600 0 0
5605 0 0
5610 0 0
5615 0 0
5620 0 0
5625 0 0
5630 0 0
5635 0 0
5640 0 0
5645 0 0
5650 0 0
5655 0 0
5660 0 0
5665 0 0
5670 0 0
5675 0 0
5680 0 0
5685 0 0
5690 0 0
5695 0 0
5700 0 0
5705 0 0
5710 0 0
5715 0 0
5720 0 0
5725 0 0
5730 0 0
5735 0 0
5740 0 0
5745 0 0
5750 0 0
5755 0 0
5760 0 0
5765 0 0
5770 0 0
5775 0 0
5780 0 0
5785 0 0
5790 0 0
5795 0 0
5800 0 0
5805 0 0
5810 0 0
5815 0 0
5820 0 0
5825 0 0
5830 0 0
5835 0 0
5840 0 0
5845 0 0
5850 0 0
5855 0 0
5860 0 0
5865 0 0
5870 0 0
5875 0 0
5880 0 0
5885 0 0
5890 0 0
5895 0 0
5900 0 0
5905 0 0
5910 0 0
5915 0 0
5920 0 0
5925 0 0
5930 0 0
5935 0 0
5940 0 0
5945 0 0
5950 0 0
5955 0 0
5960 0 0
5965 0 0
5970 0 0
5975 0 0
5980 0 0
5985 0 0
5990 0 0
5995 0 0
6000 0 0
6005 0 0
6010 0 0
6015 0 0
6020 0 0
6025 0 0
6030 0 0
6035 0 0
6040 0 0
6045 0 0
6050 0 0
6055 0 0
6060 0 0
6065 0 0
6070 0 0
6075 0 0
6080 0 0
6085 0 0
6090 0 0
6095 0 0
6100 0 0
6105 0 0
6110 0 0
6115 0 0
6120 0 0
6125 0 0
6130 0 0
6135 0 0
6140 0 0
6145 0 0
6150 0 0
6155 0 0
6160 0 0
6165 0 0
6170 0 0
6175 0 0
6180 0 0
6185 0 0
6190 0 0
6195 0 0
6200 0 0
6205 0 0
6210 0 0
6215 0 0
6220 0 0
6225 0 0
6230 0 0
6235 0 0
6240 0 0
6245 0 0
6250 0 0
6255 0 0
6260 0 0
6265 0 0
6270 0 0
6275 0 0
6280 0 0
6285 0 0
6290 0 0
6295 0 0
6300 0 0
6305 0 0
6310 0 0
6315 0 0
6320 0 0
6325 0 0
6330 0 0
6335 0 0
6340 0 0
6345 0 0
6350 0 0
6355 0 0
6360 0 0
6365 0 0
6370 0 0
6375 0 0
6380 0 0
6385 0 0
6390 0 0
6395 0 0
6400 0 0
6405 0 0
6410 0 0
6415 0 0
6420 0 0
6425 0 0
6430 0 0
6435 0 0
6440 0 0
6445 0 0
6450 0 0
6455 0 0
6460 0 0
6465 0 0
6470 0 0
6475 0 0
6480 0 0
6485 0 0
6490 0 0
6495 0 0
6500 0 0
