200 26689 3322
205 24097 3032
210 21760 2717
215 19722 2424
220 17844 2213
225 16216 1959
230 14797 1826
235 13426 1657
240 12255 1496
245 11190 1350
250 10212 1229
255 9375 1146
260 8599 1051
265 7894 962
270 7256 885
275 6683 818
280 6156 751
285 5685 694
290 5254 640
295 4859 594
300 4500 547
305 4176 508
310 3872 472
315 3598 438
320 3345 405
325 3118 380
330 2905 351
335 2708 329
340 2530 308
345 2364 288
350 2217 270
355 2071 252
360 1944 236
365 1822 225
370 1711 205
375 1610 196
380 1514 183
385 1423 175
390 1337 163
395 1261 151
400 1190 144
405 1124 133
410 1059 133
415 997 118
420 944 114
425 892 107
430 843 102
435 798 96
440 756 91
445 716 86
450 678 81
455 644 77
460 611 73
465 579 69
470 550 66
475 523 62
480 498 59
485 473 56
490 450 53
495 428 51
500 408 48
505 388 46
510 370 43
515 352 42
520 336 40
525 320 38
530 306 36
535 292 34
540 278 33
545 266 32
550 254 30
555 243 28
560 233 27
565 223 26
570 213 25
575 204 24
580 195 23
585 187 22
590 179 21
595 171 20
600 164 19
605 157 19
610 151 18
615 145 17
620 139 16
625 134 16
630 128 15
635 123 15
640 118 14
645 113 13
650 109 13
655 105 12
660 101 11
665 97 11
670 94 11
675 90 10
680 87 10
685 83 10
690 80 9
695 77 9
700 75 8
705 72 8
710 69 8
715 67 7
720 64 7
725 62 7
730 60 7
735 58 6
740 56 6
745 54 6
750 52 6
755 50 5
760 48 5
765 47 5
770 45 5
775 43 5
780 42 5
785 41 4
790 39 4
795 38 4
800 37 4
805 35 4
810 34 4
815 33 3
820 32 3
825 31 3
830 30 3
835 29 3
840 28 3
845 27 3
850 26 3
855 25 3
860 25 2
865 24 2
870 23 2
875 22 2
880 22 2
885 21 2
890 20 2
895 20 2
900 19 2
905 19 2
910 18 2
915 18 2
920 17 2
925 16 1
930 16 1
935 15 1
940 15 1
945 15 1
950 14 1
955 14 1
960 13 1
965 13 1
970 13 1
975 12 1
980 12 1
985 11 1
990 11 1
995 11 1
1000 11 1
1005 10 1
1010 10 1
1015 10 1
1020 9 1
1025 9 1
1030 9 1
1035 9 1
1040 8 1
1045 8 1
1050 8 0
1055 8 0
1060 7 0
1065 7 0
1070 7 0
1075 7 0
1080 7 0
1085 6 0
1090 6 0
1095 6 0
1100 6 0
1105 6 0
1110 6 0
1115 5 0
1120 5 0
1125 5 0
1130 5 0
1135 5 0
1140 5 0
1145 5 0
1150 4 0
1155 4 0
1160 4 0
1165 4 0
1170 4 0
1175 4 0
1180 4 0
1185 4 0
1190 4 0
1195 3 0
1200 3 0
1205 3 0
1210 3 0
1215 3 0
1220 3 0
1225 3 0
1230 3 0
1235 3 0
1240 3 0
1245 3 0
1250 3 0
1255 3 0
1260 2 0
1265 2 0
1270 2 0
1275 2 0
1280 2 0
1285 2 0
1290 2 0
1295 2 0
1300 2 0
1305 2 0
1310 2 0
1315 2 0
1320 2 0
1325 2 0
1330 2 0
1335 2 0
1340 2 0
1345 1 0
1350 1 0
1355 1 0
1360 1 0
1365 1 0
1370 1 0
1375 1 0
1380 1 0
1385 1 0
1390 1 0
1395 1 0
1400 1 0
1405 1 0
1410 1 0
1415 1 0
1420 1 0
1425 1 0
1430 1 0
1435 1 0
1440 1 0
1445 1 0
1450 1 0
1455 1 0
1460 1 0
1465 1 0
1470 1 0
1475 1 0
1480 1 0
1485 1 0
1490 1 0
1495 1 0
1500 1 0
1505 1 0
1510 0 0
1515 0 0
1520 0 0
1525 0 0
1530 0 0
1535 0 0
1540 0 0
1545 0 0
1550 0 0
1555 0 0
1560 0 0
1565 0 0
1570 0 0
1575 0 0
1580 0 0
1585 0 0
1590 0 0
1595 0 0
1600 0 0
1605 0 0
1610 0 0
1615 0 0
1620 0 0
1625 0 0
1630 0 0
1635 0 0
1640 0 0
1645 0 0
1650 0 0
1655 0 0
1660 0 0
1665 0 0
1670 0 0
1675 0 0
1680 0 0
1685 0 0
1690 0 0
1695 0 0
1700 0 0
1705 0 0
1710 0 0
1715 0 0
1720 0 0
1725 0 0
1730 0 0
1735 0 0
1740 0 0
1745 0 0
1750 0 0
1755 0 0
1760 0 0
1765 0 0
1770 0 0
1775 0 0
1780 0 0
1785 0 0
1790 0 0
1795 0 0
1800 0 0
1805 0 0
1810 0 0
1815 0 0
1820 0 0
1825 0 0
1830 0 0
1835 0 0
1840 0 0
1845 0 0
1850 0 0
1855 0 0
1860 0 0
1865 0 0
1870 0 0
1875 0 0
1880 0 0
1885 0 0
1890 0 0
1895 0 0
1900 0 0
1905 0 0
1910 0 0
1915 0 0
1920 0 0
1925 0 0
1930 0 0
1935 0 0
1940 0 0
1945 0 0
1950 0 0
1955 0 0
1960 0 0
1965 0 0
1970 0 0
1975 0 0
1980 0 0
1985 0 0
1990 0 0
1995 0 0
2000 0 0
2005 0 0
2010 0 0
2015 0 0
2020 0 0
2025 0 0
2030 0 0
2035 0 0
2040 0 0
2045 0 0
2050 0 0
2055 0 0
2060 0 0
2065 0 0
2070 0 0
2075 0 0
2080 0 0
2085 0 0
2090 0 0
2095 0 0
2100 0 0
2105 0 0
2110 0 0
2115 0 0
2120 0 0
2125 0 0
2130 0 0
2135 0 0
2140 0 0
2145 0 0
2150 0 0
2155 0 0
2160 0 0
2165 0 0
2170 0 0
2175 0 0
2180 0 0
2185 0 0
2190 0 0
2195 0 0
2200 0 0
2205 0 0
2210 0 0
2215 0 0
2220 0 0
2225 0 0
2230 0 0
2235 0 0
2240 0 0
2245 0 0
2250 0 0
2255 0 0
2260 0 0
2265 0 0
2270 0 0
2275 0 0
2280 0 0
2285 0 0
2290 0 0
2295 0 0
2300 0 0
2305 0 0
2310 0 0
2315 0 0
2320 0 0
2325 0 0
2330 0 0
2335 0 0
2340 0 0
2345 0 0
2350 0 0
2355 0 0
2360 0 0
2365 0 0
2370 0 0
2375 0 0
2380 0 0
2385 0 0
2390 0 0
2395 0 0
2400 0 0
2405 0 0
2410 0 0
2415 0 0
2420 0 0
2425 0 0
2430 0 0
2435 0 0
2440 0 0
2445 0 0
2450 0 0
2455 0 0
2460 0 0
2465 0 0
2470 0 0
2475 0 0
2480 0 0
2485 0 0
2490 0 0
2495 0 0
2500 0 0
2505 0 0
2510 0 0
2515 0 0
2520 0 0
2525 0 0
2530 0 0
2535 0 0
2540 0 0
2545 0 0
2550 0 0
2555 0 0
2560 0 0
2565 0 0
2570 0 0
2575 0 0
2580 0 0
2585 0 0
2590 0 0
2595 0 0
2600 0 0
2605 0 0
2610 0 0
2615 0 0
2620 0 0
2625 0 0
2630 0 0
2635 0 0
2640 0 0
2645 0 0
2650 0 0
2655 0 0
2660 0 0
2665 0 0
2670 0 0
2675 0 0
2680 0 0
2685 0 0
2690 0 0
2695 0 0
2700 0 0
2705 0 0
2710 0 0
2715 0 0
2720 0 0
2725 0 0
2730 0 0
2735 0 0
2740 0 0
2745 0 0
2750 0 0
2755 0 0
2760 0 0
2765 0 0
2770 0 0
2775 0 0
2780 0 0
2785 0 0
2790 0 0
2795 0 0
2800 0 0
2805 0 0
2810 0 0
2815 0 0
2820 0 0
2825 0 0
2830 0 0
2835 0 0
2840 0 0
2845 0 0
2850 0 0
2855 0 0
2860 0 0
2865 0 0
2870 0 0
2875 0 0
2880 0 0
2885 0 0
2890 0 0
2895 0 0
2900 0 0
2905 0 0
2910 0 0
2915 0 0
2920 0 0
2925 0 0
2930 0 0
2935 0 0
2940 0 0
2945 0 0
2950 0 0
2955 0 0
2960 0 0
2965 0 0
2970 0 0
2975 0 0
2980 0 0
2985 0 0
2990 0 0
2995 0 0
3000 0 0
3005 0 0
3010 0 0
3015 0 0
3020 0 0
3025 0 0
3030 0 0
3035 0 0
3040 0 0
3045 0 0
3050 0 0
3055 0 0
3060 0 0
3065 0 0
3070 0 0
3075 0 0
3080 0 0
3085 0 0
3090 0 0
3095 0 0
3100 0 0
3105 0 0
3110 0 0
3115 0 0
3120 0 0
3125 0 0
3130 0 0
3135 0 0
3140 0 0
3145 0 0
3150 0 0
3155 0 0
3160 0 0
3165 0 0
3170 0 0
3175 0 0
3180 0 0
3185 0 0
3190 0 0
3195 0 0
3200 0 0
3205 0 0
3210 0 0
3215 0 0
3220 0 0
3225 0 0
3230 0 0
3235 0 0
3240 0 0
3245 0 0
3250 0 0
3255 0 0
3260 0 0
3265 0 0
3270 0 0
3275 0 0
3280 0 0
3285 0 0
3290 0 0
3295 0 0
3300 0 0
3305 0 0
3310 0 0
3315 0 0
3320 0 0
3325 0 0
3330 0 0
3335 0 0
3340 0 0
3345 0 0
3350 0 0
3355 0 0
3360 0 0
3365 0 0
3370 0 0
3375 0 0
3380 0 0
3385 0 0
3390 0 0
3395 0 0
3400 0 0
3405 0 0
3410 0 0
3415 0 0
3420 0 0
3425 0 0
3430 0 0
3435 0 0
3440 0 0
3445 0 0
3450 0 0
3455 0 0
3460 0 0
3465 0 0
3470 0 0
3475 0 0
3480 0 0
3485 0 0
3490 0 0
3495 0 0
3500 0 0
3505 0 0
3510 0 0
3515 0 0
3520 0 0
3525 0 0
3530 0 0
3535 0 0
3540 0 0
3545 0 0
3550 0 0
3555 0 0
3560 0 0
3565 0 0
3570 0 0
3575 0 0
3580 0 0
3585 0 0
3590 0 0
3595 0 0
3600 0 0
3605 0 0
3610 0 0
3615 0 0
3620 0 0
3625 0 0
3630 0 0
3635 0 0
3640 0 0
3645 0 0
3650 0 0
3655 0 0
3660 0 0
3665 0 0
3670 0 0
3675 0 0
3680 0 0
3685 0 0
3690 0 0
3695 0 0
3700 0 0
3705 0 0
3710 0 0
3715 0 0
3720 0 0
3725 0 0
3730 0 0
3735 0 0
3740 0 0
3745 0 0
3750 0 0
3755 0 0
3760 0 0
3765 0 0
3770 0 0
3775 0 0
3780 0 0
3785 0 0
3790 0 0
3795 0 0
3800 0 0
3805 0 0
3810 0 0
3815 0 0
3820 0 0
3825 0 0
3830 0 0
3835 0 0
3840 0 0
3845 0 0
3850 0 0
3855 0 0
3860 0 0
3865 0 0
3870 0 0
3875 0 0
3880 0 0
3885 0 0
3890 0 0
3895 0 0
3900 0 0
3905 0 0
3910 0 0
3915 0 0
3920 0 0
3925 0 0
3930 0 0
3935 0 0
3940 0 0
3945 0 0
3950 0 0
3955 0 0
3960 0 0
3965 0 0
3970 0 0
3975 0 0
3980 0 0
3985 0 0
3990 0 0
3995 0 0
4000 0 0
4005 0 0
4010 0 0
4015 0 0
4020 0 0
4025 0 0
4030 0 0
4035 0 0
4040 0 0
4045 0 0
4050 0 0
4055 0 0
4060 0 0
4065 0 0
4070 0 0
4075 0 0
4080 0 0
4085 0 0
4090 0 0
4095 0 0
4100 0 0
4105 0 0
4110 0 0
4115 0 0
4120 0 0
4125 0 0
4130 0 0
4135 0 0
4140 0 0
4145 0 0
4150 0 0
4155 0 0
4160 0 0
4165 0 0
4170 0 0
4175 0 0
4180 0 0
4185 0 0
4190 0 0
4195 0 0
4200 0 0
4205 0 0
4210 0 0
4215 0 0
4220 0 0
4225 0 0
4230 0 0
4235 0 0
4240 0 0
4245 0 0
4250 0 0
4255 0 0
4260 0 0
4265 0 0
4270 0 0
4275 0 0
4280 0 0
4285 0 0
4290 0 0
4295 0 0
4300 0 0
4305 0 0
4310 0 0
4315 0 0
4320 0 0
4325 0 0
4330 0 0
4335 0 0
4340 0 0
4345 0 0
4350 0 0
4355 0 0
4360 0 0
4365 0 0
4370 0 0
4375 0 0
4380 0 0
4385 0 0
4390 0 0
4395 0 0
4400 0 0
4405 0 0
4410 0 0
4415 0 0
4420 0 0
4425 0 0
4430 0 0
4435 0 0
4440 0 0
4445 0 0
4450 0 0
4455 0 0
4460 0 0
4465 0 0
4470 0 0
4475 0 0
4480 0 0
4485 0 0
4490 0 0
4495 0 0
4500 0 0
4505 0 0
4510 0 0
4515 0 0
4520 0 0
4525 0 0
4530 0 0
4535 0 0
4540 0 0
4545 0 0
4550 0 0
4555 0 0
4560 0 0
4565 0 0
4570 0 0
4575 0 0
4580 0 0
4585 0 0
4590 0 0
4595 0 0
4600 0 0
4605 0 0
4610 0 0
4615 0 0
4620 0 0
4625 0 0
4630 0 0
4635 0 0
4640 0 0
4645 0 0
4650 0 0
4655 0 0
4660 0 0
4665 0 0
4670 0 0
4675 0 0
4680 0 0
4685 0 0
4690 0 0
4695 0 0
4700 0 0
4705 0 0
4710 0 0
4715 0 0
4720 0 0
4725 0 0
4730 0 0
4735 0 0
4740 0 0
4745 0 0
4750 0 0
4755 0 0
4760 0 0
4765 0 0
4770 0 0
4775 0 0
4780 0 0
4785 0 0
4790 0 0
4795 0 0
4800 0 0
4805 0 0
4810 0 0
4815 0 0
4820 0 0
4825 0 0
4830 0 0
4835 0 0
4840 0 0
4845 0 0
4850 0 0
4855 0 0
4860 0 0
4865 0 0
4870 0 0
4875 0 0
4880 0 0
4885 0 0
4890 0 0
4895 0 0
4900 0 0
4905 0 0
4910 0 0
4915 0 0
4920 0 0
4925 0 0
4930 0 0
4935 0 0
4940 0 0
4945 0 0
4950 0 0
4955 0 0
4960 0 0
4965 0 0
4970 0 0
4975 0 0
4980 0 0
4985 0 0
4990 0 0
4995 0 0
5000 0 0
5005 0 0
5010 0 0
5015 0 0
5020 0 0
5025 0 0
5030 0 0
5035 0 0
5040 0 0
5045 0 0
5050 0 0
5055 0 0
5060 0 0
5065 0 0
5070 0 0
5075 0 0
5080 0 0
5085 0 0
5090 0 0
5095 0 0
5100 0 0
5105 0 0
5110 0 0
5115 0 0
5120 0 0
5125 0 0
5130 0 0
5135 0 0
5140 0 0
5145 0 0
5150 0 0
5155 0 0
5160 0 0
5165 0 0
5170 0 0
5175 0 0
5180 0 0
5185 0 0
5190 0 0
5195 0 0
5200 0 0
5205 0 0
5210 0 0
5215 0 0
5220 0 0
5225 0 0
5230 0 0
5235 0 0
5240 0 0
5245 0 0
5250 0 0
5255 0 0
5260 0 0
5265 0 0
5270 0 0
5275 0 0
5280 0 0
5285 0 0
5290 0 0
5295 0 0
5300 0 0
5305 0 0
5310 0 0
5315 0 0
5320 0 0
5325 0 0
5330 0 0
5335 0 0
5340 0 0
5345 0 0
5350 0 0
5355 0 0
5360 0 0
5365 0 0
5370 0 0
5375 0 0
5380 0 0
5385 0 0
5390 0 0
5395 0 0
5400 0 0
5405 0 0
5410 0 0
5415 0 0
5420 0 0
5425 0 0
5430 0 0
5435 0 0
5440 0 0
5445 0 0
5450 0 0
5455 0 0
5460 0 0
5465 0 0
5470 0 0
5475 0 0
5480 0 0
5485 0 0
5490 0 0
5495 0 0
5500 0 0
5505 0 0
5510 0 0
5515 0 0
5520 0 0
5525 0 0
5530 0 0
5535 0 0
5540 0 0
5545 0 0
5550 0 0
5555 0 0
5560 0 0
5565 0 0
5570 0 0
5575 0 0
5580 0 0
5585 0 0
5590 0 0
5595 0 0
5600 0 0
5605 0 0
5610 0 0
5615 0 0
5620 0 0
5625 0 0
5630 0 0
5635 0 0
5640 0 0
5645 0 0
5650 0 0
5655 0 0
5660 0 0
5665 0 0
5670 0 0
5675 0 0
5680 0 0
5685 0 0
5690 0 0
5695 0 0
5700 0 0
5705 0 0
5710 0 0
5715 0 0
5720 0 0
5725 0 0
5730 0 0
5735 0 0
5740 0 0
5745 0 0
5750 0 0
5755 0 0
5760 0 0
5765 0 0
5770 0 0
5775 0 0
5780 0 0
5785 0 0
5790 0 0
5795 0 0
5800 0 0
5805 0 0
5810 0 0
5815 0 0
5820 0 0
5825 0 0
5830 0 0
5835 0 0
5840 0 0
5845 0 0
5850 0 0
5855 0 0
5860 0 0
5865 0 0
5870 0 0
5875 0 0
5880 0 0
5885 0 0
5890 0 0
5895 0 0
5900 0 0
5905 0 0
5910 0 0
5915 0 0
5920 0 0
5925 0 0
5930 0 0
5935 0 0
5940 0 0
5945 0 0
5950 0 0
5955 0 0
5960 0 0
5965 0 0
5970 0 0
5975 0 0
5980 0 0
5985 0 0
5990 0 0
5995 0 0
6000 0 0
6005 0 0
6010 0 0
6015 0 0
6020 0 0
6025 0 0
6030 0 0
6035 0 0
6040 0 0
6045 0 0
6050 0 0
6055 0 0
6060 0 0
6065 0 0
6070 0 0
6075 0 0
6080 0 0
6085 0 0
6090 0 0
6095 0 0
6100 0 0
6105 0 0
6110 0 0
6115 0 0
6120 0 0
6125 0 0
6130 0 0
6135 0 0
6140 0 0
6145 0 0
6150 0 0
6155 0 0
6160 0 0
6165 0 0
6170 0 0
6175 0 0
6180 0 0
6185 0 0
6190 0 0
6195 0 0
6200 0 0
6205 0 0
6210 0 0
6215 0 0
6220 0 0
6225 0 0
6230 0 0
6235 0 0
6240 0 0
6245 0 0
6250 0 0
6255 0 0
6260 0 0
6265 0 0
6270 0 0
6275 0 0
6280 0 0
6285 0 0
6290 0 0
6295 0 0
6300 0 0
6305 0 0
6310 0 0
6315 0 0
6320 0 0
6325 0 0
6330 0 0
6335 0 0
6340 0 0
6345 0 0
6350 0 0
6355 0 0
6360 0 0
6365 0 0
6370 0 0
6375 0 0
6380 0 0
6385 0 0
6390 0 0
6395 0 0
6400 0 0
6405 0 0
6410 0 0
6415 0 0
6420 0 0
6425 0 0
6430 0 0
6435 0 0
6440 0 0
6445 0 0
6450 0 0
6455 0 0
6460 0 0
6465 0 0
6470 0 0
6475 0 0
6480 0 0
6485 0 0
6490 0 0
6495 0 0
6500 0 0
